19;
35;
29;
94;
28;
7;
31;
44;
23;
46;
59;
64;
42;
71;
44;
76;
11;
18;
21;
58;
12;
43;
63;
89;
58;
15;
93;
4;
68;
18;
18;
36;
38;
48;
44;
68;
18;
11;
5;
81;
82;
24;
83;
0;
2;
10;
35;
46;
22;
98;
13;
82;
34;
23;
88;
63;
46;
23;
75;
84;
59;
35;
56;
26;
42;
98;
2;
9;
1;
48;
0;
37;
56;
19;
70;
47;
12;
40;
95;
57;
34;
32;
42;
19;
20;
9;
84;
59;
76;
77;
25;
33;
86;
28;
77;
73;
88;
43;
17;
33;
46;
88;
40;
41;
26;
15;
55;
46;
66;
57;
72;
64;
52;
28;
70;
33;
90;
22;
25;
53;
81;
11;
31;
42;
91;
44;
22;
79;
30;
43;
0;
54;
20;
4;
51;
21;
72;
97;
78;
37;
58;
59;
16;
19;
83;
97;
60;
90;
62;
84;
87;
25;
90;
61;
80;
1;
18;
30;
50;
46;
26;
57;
63;
89;
94;
68;
58;
4;
77;
48;
75;
61;
81;
41;
78;
76;
33;
46;
74;
56;
53;
17;
44;
51;
35;
60;
59;
0;
11;
77;
8;
79;
31;
44;
19;
53;
34;
50;
84;
18;
21;
53;
83;
58;
30;
1;
6;
86;
7;
86;
75;
96;
84;
42;
71;
11;
47;
42;
56;
30;
13;
99;
94;
80;
2;
64;
79;
60;
10;
23;
55;
92;
85;
96;
40;
69;
96;
35;
51;
3;
13;
26;
24;
75;
73;
81;
43;
81;
58;
41;
58;
82;
68;
75;
10;
52;
94;
76;
58;
27;
90;
58;
96;
53;
49;
61;
84;
34;
75;
40;
62;
81;
56;
74;
85;
59;
37;
55;
34;
40;
97;
92;
51;
46;
19;
8;
55;
98;
64;
38;
66;
70;
43;
28;
32;
30;
97;
32;
50;
94;
60;
13;
90;
71;
41;
40;
18;
14;
96;
87;
20;
66;
97;
29;
25;
11;
10;
45;
28;
21;
67;
10;
16;
2;
38;
2;
87;
49;
7;
93;
77;
88;
43;
50;
84;
26;
76;
34;
88;
4;
68;
98;
75;
36;
88;
86;
65;
69;
85;
31;
30;
23;
60;
52;
20;
41;
42;
55;
86;
40;
61;
29;
3;
58;
19;
47;
94;
1;
66;
63;
55;
95;
72;
10;
74;
29;
2;
97;
60;
11;
86;
14;
60;
8;
99;
22;
91;
1;
25;
56;
53;
30;
41;
24;
63;
43;
82;
3;
70;
47;
17;
38;
82;
52;
26;
44;
92;
23;
68;
97;
96;
26;
58;
41;
19;
79;
39;
79;
40;
98;
55;
78;
15;
46;
28;
62;
96;
85;
24;
12;
61;
18;
36;
68;
32;
42;
49;
22;
3;
95;
20;
19;
60;
5;
44;
57;
5;
38;
37;
83;
81;
46;
1;
93;
95;
18;
1;
27;
39;
24;
40;
73;
17;
66;
28;
61;
67;
29;
60;
65;
83;
23;
86;
98;
41;
38;
88;
11;
19;
88;
49;
94;
26;
63;
31;
71;
18;
72;
44;
3;
29;
99;
22;
81;
89;
45;
99;
28;
49;
78;
76;
97;
6;
85;
99;
68;
25;
16;
33;
48;
61;
33;
31;
69;
86;
62;
13;
85;
10;
38;
35;
75;
4;
52;
65;
33;
26;
7;
56;
76;
41;
57;
17;
37;
77;
60;
90;
62;
0;
29;
22;
15;
30;
76;
39;
68;
74;
60;
17;
7;
94;
41;
58;
26;
0;
23;
63;
27;
77;
5;
4;
16;
4;
28;
1;
8;
81;
25;
89;
17;
52;
68;
0;
59;
26;
18;
29;
51;
3;
72;
10;
8;
96;
12;
92;
41;
56;
53;
7;
58;
93;
93;
50;
41;
1;
59;
46;
32;
83;
58;
28;
64;
70;
23;
10;
26;
49;
64;
57;
76;
85;
13;
62;
60;
41;
77;
19;
5;
8;
81;
93;
23;
23;
22;
99;
7;
95;
14;
71;
77;
27;
37;
38;
39;
41;
85;
95;
64;
99;
16;
79;
4;
31;
99;
41;
34;
53;
64;
19;
0;
94;
49;
13;
19;
18;
47;
58;
76;
47;
60;
96;
23;
88;
40;
50;
76;
51;
43;
0;
18;
76;
77;
52;
92;
55;
45;
15;
2;
57;
2;
75;
12;
51;
96;
62;
44;
26;
20;
33;
73;
21;
60;
37;
34;
41;
45;
94;
9;
88;
89;
66;
36;
78;
49;
30;
0;
68;
67;
54;
36;
78;
18;
66;
25;
16;
63;
33;
92;
98;
94;
29;
8;
77;
82;
15;
84;
62;
29;
3;
72;
40;
13;
39;
64;
7;
37;
71;
88;
84;
80;
25;
8;
41;
40;
74;
22;
27;
91;
19;
62;
84;
21;
54;
89;
80;
90;
46;
95;
23;
71;
6;
0;
94;
5;
61;
49;
62;
43;
31;
14;
13;
99;
97;
89;
71;
97;
80;
88;
20;
20;
13;
49;
33;
55;
12;
25;
90;
49;
51;
88;
2;
49;
36;
26;
37;
55;
77;
38;
43;
69;
64;
38;
70;
40;
39;
50;
91;
16;
66;
7;
34;
90;
11;
51;
96;
49;
10;
26;
70;
26;
47;
86;
71;
41;
22;
84;
57;
55;
29;
77;
50;
19;
29;
19;
65;
18;
19;
65;
28;
24;
11;
64;
6;
42;
4;
63;
21;
56;
54;
2;
83;
85;
53;
10;
7;
24;
97;
10;
40;
94;
62;
13;
81;
96;
79;
16;
11;
50;
5;
3;
6;
51;
98;
42;
72;
16;
87;
84;
59;
28;
51;
60;
90;
92;
88;
81;
83;
76;
90;
37;
74;
64;
18;
92;
38;
2;
73;
88;
20;
49;
68;
37;
50;
24;
6;
26;
71;
53;
53;
9;
60;
19;
5;
11;
55;
13;
70;
22;
76;
76;
34;
99;
46;
53;
42;
62;
20;
40;
64;
94;
6;
77;
74;
39;
84;
70;
19;
0;
39;
92;
95;
35;
73;
81;
23;
63;
39;
12;
17;
53;
58;
1;
60;
30;
44;
54;
77;
69;
27;
14;
11;
95;
79;
14;
92;
81;
34;
18;
15;
47;
13;
76;
8;
59;
49;
68;
12;
26;
5;
56;
49;
97;
6;
29;
97;
65;
55;
55;
66;
59;
59;
27;
68;
47;
53;
11;
92;
33;
24;
96;
31;
80;
68;
92;
80;
23;
65;
33;
6;
0;
2;
27;
46;
73;
81;
33;
9;
47;
74;
62;
97;
15;
93;
76;
28;
8;
68;
88;
61;
45;
17;
59;
18;
79;
22;
97;
6;
46;
99 ;
54;
47;
15;
76;
26;
91;
34;
62;
52;
51;
82;
25;
10;
16;
12;
60;
19;
82;
5;
67;
33;
71;
15;
22;
42;
58;
19;
53;
72;
89;
65;
9;
81;
12;
20;
38;
57;
93;
18;
59;
17;
45;
10;
32;
9;
47;
13;
37;
5;
72;
56;
45;
2;
6;
28;
89;
20;
75;
30;
43;
3;
66;
21;
89;
12;
52;
67;
96;
29;
14;
89;
89;
51;
67;
10;
25;
92;
79;
10;
68;
80;
99;
63;
58;
55;
79;
99;
87;
65;
95;
39;
73;
73;
74;
55;
33;
44;
16;
10;
54;
52;
16;
13;
71;
75;
91;
60;
37;
94;
97;
91;
97;
92;
62;
31;
63;
50;
1;
42;
84;
49;
41;
74;
25;
65;
50;
6;
33;
72;
54;
2;
19;
35;
62;
55;
25;
11;
91;
37;
98;
49;
91;
47;
68;
87;
62;
60;
15;
48;
85;
75;
49;
43;
40;
63;
78;
66;
33;
16;
84;
94;
16;
96;
98;
87;
13;
82;
68;
80;
44;
20;
39;
91;
46;
70;
23;
11;
98;
56;
71;
6;
44;
12;
50;
18;
16;
33;
14;
58;
58;
24;
79;
7;
51;
43;
95;
17;
32;
58;
19;
5;
23;
86;
91;
54;
51;
49;
6;
11;
70;
19;
86;
85;
89;
68;
56;
47;
93;
14;
15;
25;
64;
71;
12;
7;
9;
99;
17;
35;
82;
48;
97;
6;
4;
13;
86;
72;
92;
74;
61;
34;
78;
54;
17;
44;
34;
59;
35;
1;
96;
32;
61;
53;
87;
98;
76;
90;
41;
14;
71;
49;
24;
19;
20;
6;
61;
79;
53;
80;
57;
37;
32;
27;
21;
63;
20;
41;
89;
1;
56;
52;
50;
16;
33;
25;
66;
44;
64;
54;
96;
43;
61;
69;
21;
35;
6;
27;
69;
62;
26;
12;
33;
28;
62;
36;
99;
50;
50;
37;
69;
9;
88;
72;
81;
93;
13;
25;
36;
51;
71;
95;
23;
38;
95;
4;
36;
63;
75;
89;
3;
40;
33;
1;
8;
36;
94;
8;
13;
16;
64;
89;
84;
97;
99;
32;
12;
92;
81;
37;
37;
59;
90;
10;
73;
52;
79;
64;
30;
67;
45;
14;
38;
92;
7;
83;
68;
53;
73;
90;
62;
66;
18;
57;
48;
83;
57;
4;
68;
40;
18;
46;
4;
8;
14;
95;
95;
38;
17;
56;
66;
13;
35;
25;
48;
94;
78;
91;
2;
69;
41;
28;
45;
2;
68;
1;
72;
81;
32;
60;
75;
66;
6;
36;
76;
38;
37;
48;
40;
49;
17;
91;
6;
66;
62;
43;
8;
25;
78;
59;
96;
74;
42;
69;
63;
26;
70;
80;
69;
6;
92;
70;
58;
96;
26;
91;
89;
91;
52;
64;
57;
38;
85;
78;
13;
92;
46;
90;
93;
62;
38;
22;
38;
59;
20;
60;
16;
43;
79;
52;
51;
74;
4;
8;
40;
60;
58;
96;
81;
6;
54;
41;
95;
57;
26;
26;
48;
56;
4;
87;
78;
85;
88;
14;
14;
14;
19;
47;
3;
54;
53;
78;
30;
1;
39;
45;
47;
86;
84;
33;
89;
23;
35;
75;
5;
61;
47;
44;
75;
24;
57;
56;
38;
70;
60;
68;
13;
30;
81;
77;
23;
63;
47;
15;
19;
1;
64;
51;
3;
0;
85;
89;
51;
85;
90;
63;
36;
1;
53;
41;
55;
61;
21;
18;
47;
95;
85;
20;
22;
97;
51;
97;
78;
72;
17;
24;
31;
91;
48;
0;
34;
31;
41;
46;
3;
30;
11;
1;
39;
31;
51;
26;
51;
33;
17;
96;
81;
39;
93;
3;
27;
5;
71;
53;
66;
85;
20;
63;
76;
85;
59;
62;
64;
7;
35;
89;
83;
99;
92;
87;
62;
3;
47;
9;
24;
4;
61;
11;
14;
80;
17;
52;
17;
45;
87;
92;
87;
5;
10;
92;
68;
0;
67;
10;
18;
56;
46;
2;
29;
33;
27;
16;
56;
70;
46;
99;
38;
41;
74;
85;
20;
94;
86;
0;
78;
8;
40;
61;
42;
34;
45;
70;
20;
50;
39;
15;
21;
6;
57;
69;
77;
72;
10;
87;
71;
87;
56;
5;
55;
8;
73;
39;
75;
61;
33;
83;
98;
83;
75;
7;
29;
75;
81;
56;
42;
52;
44;
49;
97;
85;
47;
75;
66;
56;
33;
94;
57;
4;
81;
35;
36;
72;
76;
95;
54;
58;
87;
33;
64;
61;
36;
75;
50;
32;
73;
9;
48;
19;
51;
83;
72;
20;
98;
3;
31;
26;
91;
35;
62;
76;
28;
1;
45;
98;
4;
75;
31;
63;
81;
86;
63;
34;
65;
14;
3;
7;
77;
89;
50;
69;
28;
89;
70;
39;
92;
38;
12;
23;
77;
7;
38;
54;
4;
9;
44;
50;
73;
0;
81;
55;
45;
75;
84;
90;
6;
69;
89;
3;
50;
54;
61;
16;
44;
39;
16;
72;
9;
65;
44;
86;
85;
7;
33;
93;
13;
71;
94;
95;
3;
92;
79;
10;
9;
34;
12;
20;
3;
87;
6;
23;
47;
64;
91;
75;
68;
4;
34;
44;
29;
66;
65;
57;
8;
30;
98;
45;
63;
94;
58;
98;
12;
73;
0;
7;
7;
99;
36;
16;
0;
14;
56;
70;
25;
78;
55;
63;
67;
56;
51;
85;
36;
27;
13;
75;
39;
74;
83;
63;
58;
88;
99;
24;
19;
65;
18;
24;
67;
2;
42;
67;
40;
99;
38;
47;
40;
55;
63;
94;
11;
68;
90;
23;
8;
31;
25;
81;
73;
35;
37;
0;
6;
63;
78;
39;
43;
89;
9;
39;
22;
78;
18;
64;
66;
86;
51;
57;
48;
54;
29;
84;
68;
9;
76;
84;
28;
63;
37;
16;
3;
11;
10;
9;
13;
27;
59;
9;
1;
66;
46;
29;
3;
62;
52;
97;
22;
24;
96;
3;
4;
35;
65;
49;
7;
53;
34;
98;
77;
7;
88;
20;
22;
97;
69;
31;
20;
68;
22;
88;
86;
31;
47;
59;
52;
75;
92;
55;
30;
50;
54;
90;
35;
66;
9;
20;
59;
95;
31;
3;
40;
62;
16;
37;
39;
52;
9;
14;
13;
2;
23;
69;
88;
5;
63;
24;
31;
2;
54;
40;
26;
85;
57;
66;
47;
95;
0;
84;
29;
20;
96;
61;
45;
91;
69;
94;
75;
85;
77;
42;
86;
19;
35;
73;
97;
53;
37;
29;
4;
83;
85;
83;
29;
43;
6;
77;
35;
6;
76;
98;
60;
74;
51;
23;
9;
85;
80;
49;
83;
8;
34;
40;
56;
41;
32;
78;
44;
9;
57;
8;
82;
64;
87;
88;
93;
84;
12;
39;
68;
69;
63;
90;
32;
40;
32;
30;
25;
41;
97;
54;
69;
31;
43;
14;
43;
89;
89;
63;
62;
7;
10;
9;
41;
93;
57;
57;
76;
66;
89;
66;
73;
57;
85;
87;
28;
4;
78;
22;
88;
55;
71;
63;
38;
63;
66;
48;
66;
85;
82;
6;
80;
82;
82;
2;
81;
16;
98;
94;
33;
49;
48;
74;
42;
41;
67;
19;
27;
48;
25;
39;
90;
24;
52;
29;
96;
12;
65;
9;
42;
50;
84;
83;
30;
67;
62;
79;
44;
80;
7;
1;
20;
92;
2;
78;
21;
93;
33;
12;
11;
58;
10;
23;
26;
44;
90;
3;
51;
88;
2;
62;
91;
7;
71;
74;
44;
97;
37;
29;
75;
31;
85;
82;
94;
53;
64;
95;
19;
85;
9;
94;
61;
17;
71;
13;
89;
12;
34;
40;
8;
0;
41;
71;
30;
77;
17;
56;
51;
7;
94;
44;
18;
16;
32;
38;
10;
93;
44;
39;
5;
88;
47;
95;
58;
10;
46;
50;
72;
25;
34;
92;
72;
57;
42;
3;
79;
81;
98;
6;
83;
29;
20;
13;
15;
81;
48;
74;
24;
70;
57;
26;
47;
74;
89;
41;
83;
21;
70;
74;
69;
80;
40;
12;
50;
68;
69;
24;
56;
42;
87;
4;
71;
99;
3;
27;
10;
75;
32;
92;
93;
44;
14;
71;
13;
15;
42;
60;
17;
33;
83;
26;
74;
73;
2;
54;
49;
44;
84;
97;
80;
81;
61;
27;
46;
50;
30;
77;
48;
42;
79;
95;
72;
73;
27;
90;
73;
83;
4;
81;
41;
32;
21;
46;
79;
2;
69;
69;
73;
92;
49;
90;
68;
20;
93;
53;
40;
17;
89;
52;
70;
30;
4;
85;
18;
17;
9;
97;
95;
48;
0;
31;
37;
1;
22;
74;
80;
61;
92;
11;
30;
19;
26;
1;
40;
80;
58;
59;
83;
34;
65;
44;
22;
85;
92;
67;
87;
35;
73;
10;
47;
83;
54;
38;
19;
24;
22;
52;
68;
49;
20;
33;
25;
43;
78;
93;
15;
83;
32;
24;
6;
19;
48;
43;
46;
55;
48;
43;
34;
87;
29;
42;
99;
60;
91;
30;
66;
86;
59;
19;
39;
62;
3;
88;
64;
65;
67;
35;
10;
51;
89;
26;
41;
54;
24;
38;
86;
85;
71;
15;
16;
31;
91;
9;
17;
49;
37;
36;
62;
71;
70;
15;
84;
97;
91;
28;
53;
96;
55;
57;
45;
5;
4;
42;
18;
25;
31;
91;
86;
23;
61;
45;
89;
26;
71;
28;
72;
24;
15;
82;
53;
63;
94;
83;
99;
49;
33;
7;
98;
46;
5;
26;
37;
67;
51;
51;
68;
84;
5;
83;
88;
15;
18;
61;
9;
19;
81;
13;
32;
54;
50;
98;
21;
46;
66;
60;
76;
17;
80;
78;
6;
23;
79;
6;
6;
59;
6;
30;
23;
63;
84;
12;
38;
8;
42;
41;
32;
9;
34;
79;
65;
13;
68;
10;
46;
4;
24;
89;
9;
97;
81;
93;
83;
38;
39;
62;
70;
3;
43;
57;
14;
97;
45;
1;
78;
49;
32;
30;
14;
14;
42;
42;
39;
72;
93;
47;
10;
22;
6;
10;
91;
85;
86;
5;
34;
99;
48;
61;
47;
20;
37;
11;
71;
20;
57;
38;
51;
83;
89;
29;
10;
8;
17;
18;
24;
3;
50;
37;
93;
84;
49;
63;
17;
78;
45;
68;
66;
15;
67;
68;
57;
32;
63;
69;
26;
66;
26;
16;
2;
59;
12;
44;
78;
49;
71;
22;
88;
76;
64;
7;
77;
74;
90;
88;
79;
73;
7;
34;
84;
96;
59;
48;
17;
60;
96;
45;
10;
70;
99;
24;
74;
22;
2;
75;
73;
97;
17;
69;
99;
64;
60;
86;
43;
76;
66;
26;
71;
66;
23;
57;
95;
51;
87;
67;
46;
26;
11;
9;
54;
66;
63;
52;
10;
19;
57;
26;
51;
11;
68;
76;
26;
39;
62;
2;
72;
74;
16;
17;
87;
54;
42;
88;
29;
88;
13;
89;
64;
53;
81;
47;
88;
87;
7;
91;
55;
97;
77;
1;
69;
50;
34;
56;
38;
72;
95;
82;
45;
52;
75;
2;
21;
34;
14;
82;
18;
18;
99;
81;
87;
61;
83;
1;
44;
69;
16;
32;
51;
3;
63;
2;
82;
73;
30;
26;
3;
35;
84;
55;
43;
95;
82;
21;
65;
2;
89;
90;
44;
49;
7;
8;
35;
72;
91;
49;
54;
45;
79;
64;
42;
83;
15;
31;
46;
39;
66;
1;
90;
0;
54;
47;
46;
87;
73;
15;
14;
56;
17;
67;
86;
91;
99;
35;
27;
8;
79;
69;
47;
49;
84;
79;
71;
85;
31;
93;
17;
8;
56;
73;
66;
38;
45;
88;
37;
12;
87;
23;
60;
91;
47;
64;
51;
52;
39;
28;
81;
90;
23;
38;
55;
16;
16;
67;
83;
53;
12;
89;
52;
39;
11;
29;
2;
21;
35;
6;
96;
55;
60;
87;
99;
5;
29;
35;
45;
42;
88;
52;
15;
41;
97;
35;
10;
79;
63;
18;
21;
36;
58;
23;
7;
91;
44;
12;
65;
20;
97;
27;
4;
98;
29;
47;
22;
94;
14;
33;
74;
70;
8;
73;
49;
82;
77;
38;
42;
74;
14;
22;
28;
80;
69;
98;
37;
23;
67;
61;
23;
8;
38;
80;
42;
27;
32;
44;
24;
55;
50;
10;
44;
46;
63;
56;
0;
34;
36;
24;
82;
0;
