// Total Frames: 2656 
// Name  Frame  Time  x  y  z
// ===========================
RightHand 180 1.5 -3.554374 0.972789 -1.879561
RightHand 199 1.658333 -3.473577 1.008509 -1.680171
RightHand 201 1.675 -3.4669 1.008339 -1.659317
RightHand 203 1.691667 -3.458576 1.008197 -1.638597
RightHand 207 1.725 -3.445191 1.00564 -1.599253
RightHand 208 1.733333 -3.443382 1.004194 -1.58953
RightHand 209 1.741667 -3.439881 1.004007 -1.578303
RightHand 211 1.758333 -3.436352 1.001087 -1.559389
RightHand 213 1.775 -3.431453 0.998769 -1.538763
RightHand 215 1.791667 -3.427036 0.996249 -1.517208
RightHand 216 1.8 -3.427232 0.993522 -1.507965
RightHand 218 1.816667 -3.423439 0.989946 -1.485658
RightHand 219 1.825 -3.423172 0.987279 -1.476375
RightHand 220 1.833333 -3.422274 0.984646 -1.467126
RightHand 224 1.866667 -3.413246 0.977329 -1.430591
RightHand 225 1.875 -3.411523 0.975656 -1.42256
RightHand 226 1.883333 -3.410075 0.974101 -1.41412
RightHand 227 1.891667 -3.40683 0.973942 -1.403566
RightHand 228 1.9 -3.406009 0.972345 -1.39486
RightHand 232 1.933333 -3.398368 0.970708 -1.358634
RightHand 233 1.941667 -3.39731 0.969926 -1.35046
RightHand 234 1.95 -3.396183 0.969244 -1.341576
RightHand 240 2.0 -3.394645 0.965069 -1.287567
RightHand 248 2.066667 -3.394818 0.95989 -1.21698
RightHand 259 2.158333 -3.383776 0.951536 -1.124811
RightHand 413 3.441667 -2.436473 1.049738 -0.047006
RightHand 415 3.458333 -2.419631 1.052321 -0.038318
RightHand 426 3.55 -2.321465 1.06998 0.003076
RightHand 432 3.6 -2.265768 1.084483 0.018462
RightHand 433 3.608333 -2.257485 1.086617 0.020564
RightHand 434 3.616667 -2.249814 1.087979 0.022077
RightHand 435 3.625 -2.23969 1.091154 0.024568
RightHand 440 3.666667 -2.199872 1.100361 0.032358
RightHand 441 3.675 -2.190548 1.101881 0.033117
RightHand 442 3.683333 -2.183136 1.104226 0.034666
RightHand 443 3.691667 -2.174695 1.105999 0.035612
RightHand 444 3.7 -2.165406 1.106799 0.03739
RightHand 446 3.716667 -2.149143 1.109572 0.039691
RightHand 447 3.725 -2.14125 1.110854 0.04069
RightHand 449 3.741667 -2.126261 1.113084 0.04285
RightHand 450 3.75 -2.119073 1.114122 0.043695
RightHand 451 3.758333 -2.111239 1.115183 0.044723
RightHand 452 3.766667 -2.10415 1.115906 0.045304
RightHand 456 3.8 -2.073906 1.119203 0.048956
RightHand 458 3.816667 -2.060617 1.119287 0.050125
RightHand 459 3.825 -2.05353 1.119334 0.050965
RightHand 460 3.833333 -2.046469 1.119221 0.05165
RightHand 461 3.841667 -2.039153 1.118781 0.052298
RightHand 462 3.85 -2.03327 1.11897 0.052515
RightHand 463 3.858333 -2.025173 1.117444 0.053578
RightHand 464 3.866667 -2.017604 1.117484 0.054554
RightHand 465 3.875 -2.011198 1.116439 0.055021
RightHand 467 3.891667 -1.997398 1.114668 0.056191
RightHand 468 3.9 -1.990573 1.113785 0.056858
RightHand 469 3.908333 -1.983052 1.112733 0.057474
RightHand 470 3.916667 -1.976652 1.11213 0.057709
RightHand 471 3.925 -1.969168 1.110983 0.058212
RightHand 472 3.933333 -1.962044 1.110047 0.059277
RightHand 473 3.941667 -1.955251 1.109329 0.05933
RightHand 474 3.95 -1.948467 1.10779 0.059567
RightHand 475 3.958333 -1.940638 1.107196 0.059931
RightHand 476 3.966667 -1.932997 1.105205 0.060964
RightHand 477 3.975 -1.927085 1.103953 0.060148
RightHand 478 3.983333 -1.920048 1.102757 0.060953
RightHand 479 3.991667 -1.912887 1.102019 0.061024
RightHand 480 4.0 -1.905903 1.100649 0.061213
RightHand 481 4.008333 -1.897573 1.099075 0.061607
RightHand 482 4.016667 -1.890316 1.097679 0.061671
RightHand 483 4.025 -1.883748 1.097154 0.061151
RightHand 484 4.033333 -1.876201 1.096283 0.061874
RightHand 485 4.041667 -1.868322 1.096577 0.062045
RightHand 486 4.05 -1.860102 1.094315 0.062904
RightHand 487 4.058333 -1.852524 1.09365 0.063122
RightHand 488 4.066667 -1.84458 1.094429 0.062609
RightHand 489 4.075 -1.837848 1.093174 0.064345
RightHand 490 4.083333 -1.829101 1.093729 0.064372
RightHand 491 4.091667 -1.822809 1.093133 0.065095
RightHand 492 4.1 -1.815289 1.092698 0.065419
RightHand 493 4.108333 -1.807444 1.092668 0.066341
RightHand 494 4.116667 -1.799291 1.092833 0.068068
RightHand 495 4.125 -1.793335 1.091315 0.067088
RightHand 496 4.133333 -1.78722 1.091731 0.06702
RightHand 497 4.141667 -1.779477 1.09113 0.067637
RightHand 498 4.15 -1.772871 1.091669 0.068432
RightHand 499 4.158333 -1.766499 1.091023 0.068
RightHand 501 4.175 -1.752972 1.092534 0.069766
RightHand 502 4.183333 -1.747141 1.092045 0.069838
RightHand 503 4.191667 -1.741264 1.092358 0.069751
RightHand 504 4.2 -1.735525 1.0925 0.069941
RightHand 505 4.208333 -1.729286 1.093038 0.070472
RightHand 506 4.216667 -1.723658 1.093036 0.070275
RightHand 507 4.225 -1.718253 1.0933 0.070385
RightHand 508 4.233333 -1.712874 1.093065 0.070217
RightHand 509 4.241667 -1.707246 1.09307 0.070151
RightHand 510 4.25 -1.701765 1.093175 0.069937
RightHand 511 4.258333 -1.696453 1.093254 0.069806
RightHand 512 4.266667 -1.691195 1.093457 0.069565
RightHand 513 4.275 -1.686329 1.094317 0.06927
RightHand 514 4.283333 -1.680392 1.094098 0.068768
RightHand 515 4.291667 -1.675056 1.094181 0.067972
RightHand 518 4.316667 -1.659079 1.0948 0.065169
RightHand 519 4.325 -1.653479 1.096346 0.063718
RightHand 521 4.341667 -1.641464 1.096121 0.062137
RightHand 526 4.383333 -1.606846 1.102715 0.058636
RightHand 532 4.433333 -1.553948 1.117248 0.053916
RightHand 536 4.466667 -1.508303 1.133915 0.051077
RightHand 537 4.475 -1.495718 1.138634 0.050057
RightHand 538 4.483333 -1.481897 1.144887 0.049969
RightHand 539 4.491667 -1.467739 1.149361 0.048247
RightHand 540 4.5 -1.452756 1.155073 0.047385
RightHand 541 4.508333 -1.437739 1.160495 0.045858
RightHand 542 4.516667 -1.420728 1.166413 0.044713
RightHand 543 4.525 -1.404213 1.172596 0.043256
RightHand 544 4.533333 -1.385182 1.178141 0.041148
RightHand 545 4.541667 -1.365932 1.183792 0.038831
RightHand 546 4.55 -1.347184 1.189105 0.036195
RightHand 547 4.558333 -1.32557 1.193808 0.033967
RightHand 548 4.566667 -1.303064 1.199322 0.030454
RightHand 549 4.575 -1.28097 1.203351 0.026398
RightHand 550 4.583333 -1.256385 1.208878 0.023506
RightHand 551 4.591667 -1.231697 1.213021 0.019249
RightHand 552 4.6 -1.206753 1.216402 0.014782
RightHand 553 4.608333 -1.179512 1.220332 0.011071
RightHand 554 4.616667 -1.152437 1.223915 0.006432
RightHand 555 4.625 -1.123518 1.226076 0.002724
RightHand 556 4.633333 -1.095261 1.228545 -0.001694
RightHand 557 4.641667 -1.065665 1.230424 -0.005365
RightHand 558 4.65 -1.035301 1.231019 -0.009036
RightHand 559 4.658333 -1.005398 1.231811 -0.011944
RightHand 560 4.666667 -0.975507 1.232156 -0.014549
RightHand 561 4.675 -0.946251 1.232107 -0.016098
RightHand 562 4.683333 -0.917884 1.231279 -0.017063
RightHand 563 4.691667 -0.891026 1.23064 -0.016846
RightHand 564 4.7 -0.866556 1.229454 -0.014795
RightHand 565 4.708333 -0.843276 1.227961 -0.0126
RightHand 566 4.716667 -0.823449 1.225572 -0.009295
RightHand 567 4.725 -0.806406 1.223973 -0.006086
RightHand 568 4.733333 -0.791162 1.221999 -0.003589
RightHand 569 4.741667 -0.779035 1.220767 -0.00199
RightHand 570 4.75 -0.766947 1.219729 -6.62E-4
RightHand 571 4.758333 -0.758684 1.218843 -3.52E-4
RightHand 572 4.766667 -0.750201 1.217582 -0.001071
RightHand 573 4.775 -0.743183 1.21551 -0.001547
RightHand 574 4.783333 -0.736608 1.212999 -0.00215
RightHand 575 4.791667 -0.7292 1.210573 -0.002392
RightHand 576 4.8 -0.72412 1.20747 -0.002157
RightHand 577 4.808333 -0.717836 1.204184 -0.001842
RightHand 578 4.816667 -0.71242 1.200493 -6.05E-4
RightHand 579 4.825 -0.707893 1.197768 -1.42E-4
RightHand 580 4.833333 -0.70305 1.195057 0.001581
RightHand 581 4.841667 -0.699264 1.192879 0.002842
RightHand 582 4.85 -0.695211 1.1906 0.004015
RightHand 583 4.858333 -0.692391 1.187634 0.005021
RightHand 584 4.866667 -0.689422 1.186528 0.006746
RightHand 585 4.875 -0.687503 1.184974 0.008471
RightHand 586 4.883333 -0.684623 1.184164 0.010326
RightHand 587 4.891667 -0.68307 1.183612 0.012261
RightHand 588 4.9 -0.68074 1.183126 0.015062
RightHand 589 4.908333 -0.680073 1.183853 0.018168
RightHand 590 4.916667 -0.679346 1.183837 0.020887
RightHand 591 4.925 -0.678691 1.184239 0.024028
RightHand 592 4.933333 -0.680206 1.184702 0.026697
RightHand 593 4.941667 -0.680685 1.185453 0.029834
RightHand 594 4.95 -0.684303 1.187223 0.032878
RightHand 595 4.958333 -0.687673 1.18811 0.035944
RightHand 596 4.966667 -0.692138 1.189847 0.039167
RightHand 597 4.975 -0.698908 1.190853 0.041829
RightHand 598 4.983333 -0.706875 1.19195 0.044509
RightHand 599 4.991667 -0.715242 1.192164 0.047397
RightHand 600 5.0 -0.725121 1.193255 0.051661
RightHand 601 5.008333 -0.735314 1.19295 0.054794
RightHand 602 5.016667 -0.747738 1.193363 0.059334
RightHand 603 5.025 -0.759973 1.192563 0.063389
RightHand 604 5.033333 -0.774143 1.191252 0.067552
RightHand 605 5.041667 -0.788246 1.190421 0.072902
RightHand 606 5.05 -0.804033 1.189102 0.077879
RightHand 607 5.058333 -0.819847 1.187522 0.083245
RightHand 608 5.066667 -0.836775 1.185266 0.088708
RightHand 609 5.075 -0.853079 1.183023 0.095024
RightHand 610 5.083333 -0.871644 1.180711 0.099981
RightHand 611 5.091667 -0.88948 1.177069 0.106933
RightHand 612 5.1 -0.908944 1.175593 0.11244
RightHand 613 5.108333 -0.927985 1.1717 0.117823
RightHand 614 5.116667 -0.947442 1.168155 0.123555
RightHand 615 5.125 -0.967365 1.16381 0.128439
RightHand 616 5.133333 -0.987881 1.158945 0.133002
RightHand 617 5.141667 -1.007615 1.153779 0.137751
RightHand 618 5.15 -1.028852 1.148472 0.14116
RightHand 619 5.158333 -1.048674 1.143157 0.145104
RightHand 620 5.166667 -1.068083 1.139033 0.149193
RightHand 621 5.175 -1.088369 1.134036 0.151365
RightHand 622 5.183333 -1.106036 1.129399 0.154968
RightHand 623 5.191667 -1.123861 1.124345 0.156966
RightHand 624 5.2 -1.140435 1.119356 0.158018
RightHand 625 5.208333 -1.155583 1.1127 0.158555
RightHand 626 5.216667 -1.169488 1.107309 0.159244
RightHand 627 5.225 -1.181124 1.101005 0.15968
RightHand 628 5.233333 -1.192901 1.093988 0.159068
RightHand 629 5.241667 -1.200462 1.088458 0.160292
RightHand 630 5.25 -1.207212 1.083985 0.163529
RightHand 631 5.258333 -1.212255 1.08004 0.16674
RightHand 632 5.266667 -1.217212 1.077944 0.171469
RightHand 633 5.275 -1.219603 1.075838 0.176345
RightHand 634 5.283333 -1.222574 1.074177 0.181537
RightHand 635 5.291667 -1.227754 1.071975 0.187153
RightHand 636 5.3 -1.228537 1.072545 0.191189
RightHand 637 5.308333 -1.230733 1.072258 0.195771
RightHand 638 5.316667 -1.233745 1.070539 0.19806
RightHand 639 5.325 -1.234701 1.070621 0.201088
RightHand 640 5.333333 -1.235191 1.069052 0.20333
RightHand 641 5.341667 -1.235888 1.068196 0.205585
RightHand 642 5.35 -1.236482 1.067367 0.207447
RightHand 643 5.358333 -1.236334 1.065908 0.207734
RightHand 644 5.366667 -1.236757 1.065271 0.209145
RightHand 645 5.375 -1.237383 1.064757 0.208706
RightHand 646 5.383333 -1.236407 1.062974 0.208113
RightHand 647 5.391667 -1.235685 1.062146 0.207307
RightHand 648 5.4 -1.235407 1.060097 0.206394
RightHand 649 5.408333 -1.233215 1.058956 0.205672
RightHand 650 5.416667 -1.23204 1.05738 0.202697
RightHand 651 5.425 -1.23021 1.055031 0.201509
RightHand 652 5.433333 -1.227208 1.053084 0.200538
RightHand 653 5.441667 -1.224688 1.050292 0.199469
RightHand 654 5.45 -1.221593 1.048578 0.197947
RightHand 655 5.458333 -1.219025 1.04603 0.195837
RightHand 656 5.466667 -1.216079 1.043703 0.194545
RightHand 657 5.475 -1.212298 1.040278 0.193484
RightHand 658 5.483333 -1.207996 1.036782 0.193661
RightHand 659 5.491667 -1.204983 1.034657 0.19244
RightHand 660 5.5 -1.199712 1.031079 0.194435
RightHand 661 5.508333 -1.195737 1.027889 0.193338
RightHand 662 5.516667 -1.191741 1.024185 0.195002
RightHand 663 5.525 -1.186435 1.020867 0.197359
RightHand 664 5.533333 -1.183464 1.01706 0.199305
RightHand 665 5.541667 -1.17681 1.015024 0.203877
RightHand 666 5.55 -1.171925 1.012963 0.208356
RightHand 668 5.566667 -1.161796 1.004255 0.216507
RightHand 669 5.575 -1.157811 1.001535 0.223017
RightHand 670 5.583333 -1.152479 0.997764 0.229596
RightHand 671 5.591667 -1.14905 0.994285 0.236302
RightHand 672 5.6 -1.143844 0.991191 0.245122
RightHand 673 5.608333 -1.140949 0.987754 0.252261
RightHand 674 5.616667 -1.137451 0.983804 0.260314
RightHand 675 5.625 -1.134652 0.981429 0.269099
RightHand 676 5.633333 -1.131187 0.977606 0.27779
RightHand 677 5.641667 -1.128734 0.975168 0.288659
RightHand 678 5.65 -1.126621 0.970781 0.297118
RightHand 679 5.658333 -1.125144 0.966306 0.306341
RightHand 680 5.666667 -1.123696 0.959998 0.316555
RightHand 682 5.683333 -1.122698 0.947277 0.335888
RightHand 683 5.691667 -1.123133 0.940306 0.345934
RightHand 685 5.708333 -1.125925 0.925438 0.364272
RightHand 686 5.716667 -1.127285 0.918664 0.373048
RightHand 689 5.741667 -1.13335 0.898169 0.395685
RightHand 690 5.75 -1.135709 0.891335 0.402186
RightHand 698 5.816667 -1.161936 0.831089 0.455115
RightHand 699 5.825 -1.16611 0.82307 0.460403
RightHand 700 5.833333 -1.170915 0.816192 0.466262
RightHand 701 5.841667 -1.176233 0.809327 0.4714
RightHand 702 5.85 -1.181887 0.80302 0.476772
RightHand 703 5.858333 -1.187497 0.797182 0.481444
RightHand 704 5.866667 -1.192687 0.790298 0.485195
RightHand 705 5.875 -1.198716 0.783893 0.489151
RightHand 706 5.883333 -1.205669 0.77906 0.493601
RightHand 707 5.891667 -1.212944 0.77402 0.497816
RightHand 708 5.9 -1.220392 0.769983 0.501828
RightHand 710 5.916667 -1.233729 0.764611 0.50902
RightHand 712 5.933333 -1.246662 0.757472 0.513616
RightHand 713 5.941667 -1.252102 0.755271 0.514529
RightHand 714 5.95 -1.256912 0.755579 0.515275
RightHand 715 5.958333 -1.260723 0.754968 0.515374
RightHand 716 5.966667 -1.264253 0.755001 0.516212
RightHand 717 5.975 -1.266495 0.753742 0.516245
RightHand 718 5.983333 -1.268355 0.754237 0.517033
RightHand 719 5.991667 -1.269186 0.75488 0.517421
RightHand 720 6.0 -1.269321 0.755729 0.518017
RightHand 721 6.008333 -1.268377 0.755772 0.517796
RightHand 722 6.016667 -1.265666 0.755917 0.518408
RightHand 723 6.025 -1.261281 0.753334 0.517033
RightHand 724 6.033333 -1.255958 0.752751 0.5166
RightHand 725 6.041667 -1.248148 0.752629 0.516446
RightHand 726 6.05 -1.24061 0.751118 0.515706
RightHand 728 6.066667 -1.221028 0.747375 0.513892
RightHand 729 6.075 -1.208985 0.74478 0.512321
RightHand 730 6.083333 -1.19627 0.744428 0.511478
RightHand 731 6.091667 -1.181284 0.739351 0.508671
RightHand 732 6.1 -1.164779 0.736025 0.506109
RightHand 733 6.108333 -1.146722 0.731764 0.503302
RightHand 734 6.116667 -1.127256 0.72903 0.500489
RightHand 735 6.125 -1.106575 0.724837 0.497141
RightHand 736 6.133333 -1.084318 0.721506 0.493056
RightHand 737 6.141667 -1.060881 0.717505 0.488773
RightHand 739 6.158333 -1.011059 0.712116 0.478682
RightHand 750 6.25 -0.644076 0.707293 0.394
RightHand 751 6.258333 -0.604125 0.716724 0.38261
RightHand 752 6.266667 -0.56422 0.725501 0.372569
RightHand 753 6.275 -0.523982 0.736258 0.362565
RightHand 754 6.283333 -0.484321 0.748682 0.353448
RightHand 755 6.291667 -0.443625 0.761573 0.343162
RightHand 756 6.3 -0.403465 0.778137 0.332607
RightHand 757 6.308333 -0.363073 0.797789 0.321436
RightHand 758 6.316667 -0.324007 0.820366 0.310077
RightHand 759 6.325 -0.286885 0.846282 0.299865
RightHand 760 6.333333 -0.249992 0.874963 0.289503
RightHand 761 6.341667 -0.21542 0.905479 0.27935
RightHand 762 6.35 -0.182736 0.938894 0.270255
RightHand 763 6.358333 -0.152479 0.97471 0.261782
RightHand 764 6.366667 -0.125155 1.012591 0.254243
RightHand 765 6.375 -0.100638 1.052693 0.247402
RightHand 766 6.383333 -0.079125 1.095143 0.241711
RightHand 767 6.391667 -0.061291 1.138695 0.236727
RightHand 768 6.4 -0.046429 1.183592 0.233245
RightHand 769 6.408333 -0.034219 1.228771 0.231122
RightHand 770 6.416667 -0.024897 1.274337 0.229736
RightHand 771 6.425 -0.017566 1.318936 0.23034
RightHand 772 6.433333 -0.012879 1.363031 0.231994
RightHand 773 6.441667 -0.009732 1.40703 0.234177
RightHand 774 6.45 -0.008528 1.45 0.235776
RightHand 775 6.458333 -0.009404 1.49224 0.237409
RightHand 776 6.466667 -0.010926 1.533804 0.238249
RightHand 777 6.475 -0.014311 1.573945 0.238226
RightHand 778 6.483333 -0.019004 1.612622 0.238352
RightHand 779 6.491667 -0.023321 1.650725 0.239324
RightHand 780 6.5 -0.02763 1.686757 0.241469
RightHand 781 6.508333 -0.032459 1.722146 0.243844
RightHand 782 6.516667 -0.037798 1.75633 0.245577
RightHand 783 6.525 -0.044212 1.788972 0.245886
RightHand 784 6.533333 -0.050478 1.820598 0.245633
RightHand 785 6.541667 -0.056819 1.850821 0.244354
RightHand 786 6.55 -0.062506 1.880275 0.242949
RightHand 787 6.558333 -0.067998 1.908418 0.24124
RightHand 788 6.566667 -0.073251 1.936004 0.239698
RightHand 789 6.575 -0.077926 1.962711 0.238655
RightHand 790 6.583333 -0.082179 1.988654 0.238048
RightHand 791 6.591667 -0.086569 2.013763 0.23735
RightHand 792 6.6 -0.090673 2.037734 0.236588
RightHand 793 6.608333 -0.095445 2.060824 0.235284
RightHand 794 6.616667 -0.100551 2.082717 0.233437
RightHand 795 6.625 -0.106318 2.103339 0.230719
RightHand 796 6.633333 -0.112551 2.122712 0.227605
RightHand 797 6.641667 -0.119361 2.140819 0.223792
RightHand 798 6.65 -0.12671 2.157714 0.219363
RightHand 799 6.658333 -0.134281 2.17329 0.214237
RightHand 800 6.666667 -0.141843 2.188057 0.209228
RightHand 801 6.675 -0.149094 2.201918 0.203389
RightHand 802 6.683333 -0.15585 2.214463 0.197481
RightHand 803 6.691667 -0.162223 2.226222 0.191267
RightHand 804 6.7 -0.168475 2.236837 0.184796
RightHand 805 6.708333 -0.174203 2.246569 0.178331
RightHand 806 6.716667 -0.179674 2.255357 0.171915
RightHand 807 6.725 -0.185121 2.263125 0.165329
RightHand 808 6.733333 -0.190456 2.269878 0.158595
RightHand 809 6.741667 -0.195629 2.275686 0.151672
RightHand 810 6.75 -0.200676 2.280628 0.144897
RightHand 811 6.758333 -0.206016 2.284557 0.137839
RightHand 812 6.766667 -0.211249 2.287332 0.130796
RightHand 813 6.775 -0.216622 2.289169 0.123781
RightHand 814 6.783333 -0.222069 2.289835 0.116772
RightHand 815 6.791667 -0.227214 2.289741 0.110378
RightHand 816 6.8 -0.232397 2.288926 0.104257
RightHand 817 6.808333 -0.237761 2.286863 0.098376
RightHand 818 6.816667 -0.243242 2.283991 0.092877
RightHand 819 6.825 -0.248933 2.279715 0.08771
RightHand 820 6.833333 -0.25452 2.274511 0.082842
RightHand 821 6.841667 -0.260681 2.268074 0.078263
RightHand 822 6.85 -0.266925 2.260268 0.074005
RightHand 823 6.858333 -0.273205 2.251344 0.070293
RightHand 824 6.866667 -0.279605 2.241151 0.066941
RightHand 825 6.875 -0.28602 2.229915 0.063929
RightHand 826 6.883333 -0.292351 2.217719 0.06151
RightHand 827 6.891667 -0.298738 2.204609 0.059441
RightHand 828 6.9 -0.305025 2.190412 0.057797
RightHand 829 6.908333 -0.311095 2.175552 0.056776
RightHand 830 6.916667 -0.317024 2.159062 0.056698
RightHand 831 6.925 -0.322698 2.141565 0.056248
RightHand 832 6.933333 -0.328019 2.1228 0.05678
RightHand 833 6.941667 -0.333292 2.102385 0.057463
RightHand 834 6.95 -0.338287 2.081259 0.059253
RightHand 835 6.958333 -0.342915 2.058549 0.060436
RightHand 836 6.966667 -0.347734 2.035406 0.06267
RightHand 837 6.975 -0.351213 2.010995 0.065181
RightHand 838 6.983333 -0.355016 1.984324 0.066993
RightHand 839 6.991667 -0.358132 1.957387 0.070052
RightHand 840 7.0 -0.360392 1.928816 0.072804
RightHand 841 7.008333 -0.362749 1.89896 0.076089
RightHand 842 7.016667 -0.365116 1.868259 0.079281
RightHand 843 7.025 -0.366123 1.835694 0.082207
RightHand 844 7.033333 -0.36606 1.802858 0.084737
RightHand 845 7.041667 -0.366614 1.768682 0.087832
RightHand 846 7.05 -0.366322 1.733303 0.090193
RightHand 847 7.058333 -0.365255 1.697177 0.092667
RightHand 848 7.066667 -0.363183 1.660101 0.094977
RightHand 849 7.075 -0.36165 1.622639 0.096948
RightHand 850 7.083333 -0.358143 1.584269 0.098953
RightHand 851 7.091667 -0.353743 1.545419 0.101306
RightHand 852 7.1 -0.34864 1.506541 0.103083
RightHand 853 7.108333 -0.341811 1.466977 0.105276
RightHand 854 7.116667 -0.334212 1.42689 0.10665
RightHand 855 7.125 -0.325544 1.386525 0.107234
RightHand 856 7.133333 -0.316562 1.346483 0.107358
RightHand 857 7.141667 -0.307171 1.306068 0.106749
RightHand 858 7.15 -0.29678 1.266334 0.105708
RightHand 859 7.158333 -0.285583 1.22788 0.105167
RightHand 860 7.166667 -0.275185 1.191143 0.104808
RightHand 861 7.175 -0.264481 1.155853 0.105512
RightHand 862 7.183333 -0.254074 1.122183 0.106018
RightHand 863 7.191667 -0.24326 1.089874 0.107113
RightHand 864 7.2 -0.233506 1.058927 0.108484
RightHand 865 7.208333 -0.222807 1.029362 0.110033
RightHand 866 7.216667 -0.21176 1.001047 0.111758
RightHand 867 7.225 -0.200227 0.975093 0.114627
RightHand 868 7.233333 -0.187541 0.951035 0.117502
RightHand 869 7.241667 -0.175289 0.929115 0.12105
RightHand 870 7.25 -0.162531 0.909075 0.124891
RightHand 871 7.258333 -0.150906 0.891685 0.128738
RightHand 872 7.266667 -0.137852 0.873853 0.132964
RightHand 873 7.275 -0.126692 0.859863 0.137426
RightHand 874 7.283333 -0.11514 0.84727 0.141592
RightHand 875 7.291667 -0.103964 0.836625 0.146419
RightHand 876 7.3 -0.092255 0.828198 0.150587
RightHand 877 7.308333 -0.080529 0.822008 0.154951
RightHand 887 7.391667 0.038658 0.835239 0.180814
RightHand 888 7.4 0.049837 0.843663 0.180762
RightHand 916 7.633333 0.241975 1.021762 0.164111
RightHand 919 7.658333 0.254113 1.030808 0.170086
RightHand 920 7.666667 0.258743 1.034188 0.172619
RightHand 922 7.683333 0.26988 1.039175 0.175729
RightHand 923 7.691667 0.275636 1.042145 0.177219
RightHand 924 7.7 0.282109 1.044936 0.17846
RightHand 925 7.708333 0.288147 1.047934 0.178592
RightHand 926 7.716667 0.29489 1.050185 0.178811
RightHand 927 7.725 0.301538 1.052487 0.179257
RightHand 928 7.733333 0.308211 1.054873 0.179923
RightHand 929 7.741667 0.315581 1.05686 0.18051
RightHand 931 7.758333 0.330322 1.0612 0.180359
RightHand 932 7.766667 0.337875 1.063417 0.179609
RightHand 933 7.775 0.345845 1.065902 0.178952
RightHand 934 7.783333 0.354337 1.068096 0.177681
RightHand 935 7.791667 0.36278 1.070716 0.176442
RightHand 936 7.8 0.37152 1.073803 0.175191
RightHand 937 7.808333 0.380454 1.077486 0.173627
RightHand 938 7.816667 0.389388 1.081223 0.172564
RightHand 939 7.825 0.39873 1.085375 0.171423
RightHand 940 7.833333 0.409398 1.089318 0.170048
RightHand 941 7.841667 0.420065 1.093119 0.168312
RightHand 942 7.85 0.431259 1.097534 0.166351
RightHand 943 7.858333 0.443915 1.101626 0.164009
RightHand 944 7.866667 0.456768 1.10622 0.161447
RightHand 945 7.875 0.470342 1.110563 0.158577
RightHand 946 7.883333 0.484679 1.114886 0.155406
RightHand 947 7.891667 0.499288 1.119416 0.152188
RightHand 948 7.9 0.51489 1.123747 0.149101
RightHand 949 7.908333 0.530775 1.128798 0.145748
RightHand 950 7.916667 0.547375 1.133481 0.141734
RightHand 951 7.925 0.564232 1.138039 0.136843
RightHand 952 7.933333 0.58266 1.143309 0.132077
RightHand 953 7.941667 0.601394 1.148206 0.127085
RightHand 954 7.95 0.61939 1.151952 0.121249
RightHand 955 7.958333 0.640187 1.156678 0.115828
RightHand 956 7.966667 0.660535 1.160712 0.110681
RightHand 957 7.975 0.680334 1.165094 0.104567
RightHand 958 7.983333 0.700905 1.168983 0.099435
RightHand 959 7.991667 0.721483 1.173266 0.094679
RightHand 960 8.0 0.74283 1.177295 0.089869
RightHand 961 8.008333 0.764345 1.180407 0.085042
RightHand 962 8.016667 0.78645 1.182907 0.079778
RightHand 963 8.025 0.808923 1.185946 0.07448
RightHand 964 8.033333 0.83155 1.187677 0.068002
RightHand 965 8.041667 0.853992 1.189667 0.060798
RightHand 966 8.05 0.87653 1.192047 0.054325
RightHand 967 8.058333 0.898362 1.195179 0.046996
RightHand 968 8.066667 0.919888 1.197463 0.039135
RightHand 969 8.075 0.941305 1.199474 0.031134
RightHand 970 8.083333 0.962713 1.201177 0.02378
RightHand 971 8.091667 0.98467 1.201829 0.016424
RightHand 972 8.1 1.007259 1.20218 0.008862
RightHand 973 8.108333 1.030666 1.201541 0.001313
RightHand 974 8.116667 1.054299 1.200747 -0.006522
RightHand 975 8.125 1.076443 1.199887 -0.013758
RightHand 976 8.133333 1.097371 1.199312 -0.020465
RightHand 977 8.141667 1.116468 1.198952 -0.025688
RightHand 978 8.15 1.13451 1.197661 -0.031133
RightHand 979 8.158333 1.151296 1.196567 -0.034441
RightHand 980 8.166667 1.166973 1.194289 -0.036884
RightHand 981 8.175 1.180566 1.192063 -0.038542
RightHand 982 8.183333 1.19275 1.18989 -0.040356
RightHand 983 8.191667 1.202874 1.1881 -0.042295
RightHand 984 8.2 1.211693 1.186601 -0.044927
RightHand 985 8.208333 1.218495 1.185484 -0.047862
RightHand 986 8.216667 1.223977 1.184752 -0.051092
RightHand 987 8.225 1.229089 1.183506 -0.055159
RightHand 988 8.233333 1.233832 1.181602 -0.058585
RightHand 989 8.241667 1.238411 1.179761 -0.062248
RightHand 990 8.25 1.243217 1.176478 -0.064649
RightHand 991 8.258333 1.247668 1.172678 -0.066329
RightHand 992 8.266667 1.254113 1.168135 -0.068276
RightHand 993 8.275 1.258144 1.164262 -0.067487
RightHand 994 8.283333 1.263106 1.160235 -0.067027
RightHand 995 8.291667 1.267127 1.15632 -0.066255
RightHand 996 8.3 1.26997 1.152429 -0.065812
RightHand 997 8.308333 1.27359 1.149128 -0.065714
RightHand 998 8.316667 1.276298 1.145811 -0.065758
RightHand 999 8.325 1.279827 1.142651 -0.066403
RightHand 1000 8.333333 1.281782 1.140073 -0.066527
RightHand 1001 8.341667 1.283863 1.138334 -0.067016
RightHand 1002 8.35 1.285709 1.137286 -0.067028
RightHand 1003 8.358333 1.287376 1.136453 -0.067248
RightHand 1004 8.366667 1.289154 1.136273 -0.067533
RightHand 1005 8.375 1.290514 1.136029 -0.06721
RightHand 1006 8.383333 1.290682 1.136171 -0.066218
RightHand 1007 8.391667 1.291738 1.136616 -0.065666
RightHand 1008 8.4 1.292691 1.137376 -0.06467
RightHand 1009 8.408333 1.29305 1.138382 -0.063176
RightHand 1010 8.416667 1.293242 1.139588 -0.061698
RightHand 1011 8.425 1.293241 1.141795 -0.059884
RightHand 1012 8.433333 1.293357 1.143789 -0.057293
RightHand 1013 8.441667 1.292873 1.145673 -0.05573
RightHand 1014 8.45 1.292596 1.146816 -0.053612
RightHand 1015 8.458333 1.292139 1.147815 -0.051652
RightHand 1016 8.466667 1.291015 1.149191 -0.04927
RightHand 1017 8.475 1.290108 1.149868 -0.046621
RightHand 1018 8.483333 1.288573 1.150241 -0.044153
RightHand 1019 8.491667 1.287524 1.1509 -0.041462
RightHand 1020 8.5 1.286426 1.151014 -0.038928
RightHand 1021 8.508333 1.284722 1.15043 -0.036856
RightHand 1022 8.516667 1.283204 1.150147 -0.034154
RightHand 1023 8.525 1.280929 1.149901 -0.032063
RightHand 1024 8.533333 1.278615 1.149372 -0.029736
RightHand 1025 8.541667 1.275714 1.147979 -0.027758
RightHand 1026 8.55 1.27248 1.146494 -0.025383
RightHand 1027 8.558333 1.268612 1.145105 -0.022946
RightHand 1028 8.566667 1.263663 1.143291 -0.020575
RightHand 1029 8.575 1.259054 1.14102 -0.018739
RightHand 1030 8.583333 1.254579 1.138326 -0.015859
RightHand 1031 8.591667 1.248564 1.135069 -0.013852
RightHand 1032 8.6 1.242722 1.131868 -0.011512
RightHand 1033 8.608333 1.236082 1.128026 -0.009774
RightHand 1034 8.616667 1.229304 1.124473 -0.006809
RightHand 1035 8.625 1.221403 1.120727 -0.004526
RightHand 1036 8.633333 1.213689 1.115965 -0.002784
RightHand 1037 8.641667 1.204723 1.112104 2.06E-4
RightHand 1038 8.65 1.195967 1.108568 0.003395
RightHand 1039 8.658333 1.185485 1.105061 0.007602
RightHand 1040 8.666667 1.175583 1.100769 0.010124
RightHand 1041 8.675 1.164626 1.098486 0.014832
RightHand 1046 8.716667 1.121472 1.084869 0.042844
RightHand 1063 8.858333 1.053481 1.029245 0.085898
RightHand 1104 9.2 1.117205 1.076078 -0.171652
RightHand 1106 9.216667 1.122927 1.091228 -0.193621
RightHand 1107 9.225 1.125081 1.099377 -0.204796
RightHand 1108 9.233333 1.128494 1.10569 -0.216437
RightHand 1109 9.241667 1.13127 1.113843 -0.227899
RightHand 1110 9.25 1.133796 1.120689 -0.239981
RightHand 1111 9.258333 1.136637 1.126563 -0.252216
RightHand 1114 9.283333 1.142722 1.144797 -0.291998
RightHand 1115 9.291667 1.144625 1.149936 -0.305362
RightHand 1116 9.3 1.146385 1.15543 -0.31912
RightHand 1117 9.308333 1.148295 1.160576 -0.332852
RightHand 1119 9.325 1.152398 1.169995 -0.360113
RightHand 1120 9.333333 1.154373 1.175333 -0.374279
RightHand 1121 9.341667 1.155911 1.179616 -0.388045
RightHand 1123 9.358333 1.158848 1.188346 -0.417254
RightHand 1124 9.366667 1.160336 1.192282 -0.432433
RightHand 1126 9.383333 1.163422 1.200124 -0.463368
RightHand 1127 9.391667 1.164786 1.204258 -0.479189
RightHand 1128 9.4 1.166002 1.208404 -0.495258
RightHand 1129 9.408333 1.167176 1.212494 -0.512126
RightHand 1131 9.425 1.167457 1.220915 -0.546531
RightHand 1132 9.433333 1.166864 1.225001 -0.564942
RightHand 1133 9.441667 1.165898 1.229042 -0.583851
RightHand 1134 9.45 1.164231 1.232905 -0.603751
RightHand 1135 9.458333 1.162207 1.236465 -0.624049
RightHand 1136 9.466667 1.159426 1.239833 -0.645617
RightHand 1138 9.483333 1.154171 1.245651 -0.690887
RightHand 1140 9.5 1.148684 1.249782 -0.73942
RightHand 1142 9.516667 1.143323 1.25123 -0.790227
RightHand 1149 9.575 1.130051 1.233603 -0.959103
RightHand 1150 9.583333 1.129899 1.230331 -0.979456
RightHand 1161 9.675 1.120556 1.189033 -1.12349
RightHand 1168 9.733333 1.114141 1.159472 -1.181119
RightHand 1172 9.766667 1.116927 1.14813 -1.211682
RightHand 1173 9.775 1.119299 1.146273 -1.220153
RightHand 1175 9.791667 1.123192 1.145198 -1.234683
RightHand 1176 9.8 1.125522 1.145765 -1.240053
RightHand 1177 9.808333 1.12734 1.145717 -1.247853
RightHand 1178 9.816667 1.129178 1.146722 -1.252982
RightHand 1179 9.825 1.131418 1.147272 -1.259387
RightHand 1180 9.833333 1.133279 1.149055 -1.264025
RightHand 1182 9.85 1.136926 1.151953 -1.271165
RightHand 1184 9.866667 1.140591 1.154492 -1.276873
RightHand 1186 9.883333 1.14318 1.15733 -1.279332
RightHand 1187 9.891667 1.14488 1.158747 -1.279126
RightHand 1189 9.908333 1.147411 1.16216 -1.27842
RightHand 1190 9.916667 1.149634 1.162056 -1.277144
RightHand 1192 9.933333 1.154255 1.164388 -1.273486
RightHand 1193 9.941667 1.156523 1.165593 -1.272002
RightHand 1195 9.958333 1.160778 1.170455 -1.265615
RightHand 1196 9.966667 1.163405 1.171283 -1.262812
RightHand 1197 9.975 1.166558 1.173798 -1.258831
RightHand 1198 9.983333 1.167657 1.176323 -1.254497
RightHand 1199 9.991667 1.1699 1.178163 -1.24962
RightHand 1200 10.0 1.174999 1.178624 -1.248213
RightHand 1201 10.008333 1.178577 1.179431 -1.244222
RightHand 1203 10.025 1.182447 1.183636 -1.233675
RightHand 1208 10.066667 1.203537 1.185504 -1.214348
RightHand 1210 10.083333 1.21132 1.187072 -1.205239
RightHand 1211 10.091667 1.215405 1.187498 -1.20082
RightHand 1212 10.1 1.218666 1.186777 -1.196236
RightHand 1214 10.116667 1.226987 1.186576 -1.1874
RightHand 1215 10.125 1.231056 1.186005 -1.183581
RightHand 1216 10.133333 1.234821 1.184899 -1.178896
RightHand 1217 10.141667 1.237976 1.184269 -1.174717
RightHand 1218 10.15 1.241964 1.182629 -1.170467
RightHand 1221 10.175 1.251736 1.178457 -1.156196
RightHand 1222 10.183333 1.25524 1.176454 -1.151653
RightHand 1223 10.191667 1.257259 1.174447 -1.14707
RightHand 1224 10.2 1.261557 1.172029 -1.142475
RightHand 1225 10.208333 1.264058 1.169797 -1.137824
RightHand 1226 10.216667 1.268241 1.165709 -1.133106
RightHand 1227 10.225 1.270395 1.163013 -1.129964
RightHand 1228 10.233333 1.273516 1.160653 -1.124066
RightHand 1229 10.241667 1.278124 1.156938 -1.120346
RightHand 1233 10.275 1.291734 1.141825 -1.101283
RightHand 1234 10.283333 1.29529 1.137884 -1.096669
RightHand 1235 10.291667 1.298106 1.132849 -1.092521
RightHand 1238 10.316667 1.309241 1.117696 -1.078969
RightHand 1239 10.325 1.311502 1.112602 -1.07498
RightHand 1240 10.333333 1.315248 1.106912 -1.070971
RightHand 1243 10.358333 1.323816 1.087832 -1.060312
RightHand 1244 10.366667 1.326498 1.08181 -1.057148
RightHand 1245 10.375 1.329041 1.075337 -1.05433
RightHand 1246 10.383333 1.331507 1.069313 -1.051623
RightHand 1247 10.391667 1.333673 1.063233 -1.049547
RightHand 1248 10.4 1.336794 1.056334 -1.047371
RightHand 1250 10.416667 1.343508 1.043469 -1.044696
RightHand 1251 10.425 1.346881 1.036908 -1.043815
RightHand 1256 10.466667 1.359984 1.007186 -1.041293
RightHand 1257 10.475 1.361465 1.002334 -1.041357
RightHand 1258 10.483333 1.36264 0.997755 -1.041426
RightHand 1277 10.641667 1.395045 0.925021 -1.061315
RightHand 1278 10.65 1.397954 0.921136 -1.063253
RightHand 1280 10.666667 1.404323 0.913643 -1.065857
RightHand 1281 10.675 1.407881 0.909922 -1.067962
RightHand 1283 10.691667 1.414941 0.904624 -1.071218
RightHand 1292 10.766667 1.442893 0.897891 -1.096681
RightHand 1295 10.791667 1.447896 0.901484 -1.111134
RightHand 1296 10.8 1.45006 0.904404 -1.116963
RightHand 1297 10.808333 1.450901 0.906404 -1.122724
RightHand 1298 10.816667 1.451292 0.90883 -1.129041
RightHand 1299 10.825 1.451458 0.910972 -1.135504
RightHand 1300 10.833333 1.450932 0.912679 -1.143252
RightHand 1301 10.841667 1.449551 0.915832 -1.15068
RightHand 1302 10.85 1.447922 0.920132 -1.157173
RightHand 1304 10.866667 1.444745 0.92517 -1.174451
RightHand 1305 10.875 1.443024 0.930132 -1.18204
RightHand 1306 10.883333 1.440615 0.932632 -1.190839
RightHand 1307 10.891667 1.438084 0.935516 -1.200337
RightHand 1308 10.9 1.434968 0.938252 -1.20965
RightHand 1312 10.933333 1.420275 0.95208 -1.248582
RightHand 1313 10.941667 1.414473 0.956096 -1.25785
RightHand 1314 10.95 1.409119 0.959746 -1.268261
RightHand 1315 10.958333 1.404402 0.963099 -1.278654
RightHand 1318 10.983333 1.386582 0.973829 -1.310275
RightHand 1319 10.991667 1.380297 0.977704 -1.320269
RightHand 1320 11.0 1.373609 0.981462 -1.331554
RightHand 1321 11.008333 1.367181 0.986041 -1.342299
RightHand 1322 11.016667 1.359248 0.989547 -1.353194
RightHand 1323 11.025 1.351955 0.99369 -1.363707
RightHand 1324 11.033333 1.344541 0.997014 -1.374794
RightHand 1325 11.041667 1.335932 1.001184 -1.385554
RightHand 1326 11.05 1.32766 1.005062 -1.396007
RightHand 1327 11.058333 1.318907 1.008592 -1.40692
RightHand 1328 11.066667 1.309138 1.012095 -1.417937
RightHand 1329 11.075 1.301972 1.015846 -1.429146
RightHand 1330 11.083333 1.291164 1.018842 -1.439172
RightHand 1331 11.091667 1.28241 1.022577 -1.450241
RightHand 1334 11.116667 1.250254 1.033607 -1.481057
RightHand 1336 11.133333 1.229243 1.041226 -1.501673
RightHand 1337 11.141667 1.219428 1.044676 -1.511999
RightHand 1338 11.15 1.206753 1.046955 -1.521452
RightHand 1340 11.166667 1.183994 1.053455 -1.541539
RightHand 1341 11.175 1.171836 1.056855 -1.550563
RightHand 1344 11.2 1.136756 1.06664 -1.579819
RightHand 1346 11.216667 1.112584 1.073 -1.598247
RightHand 1347 11.225 1.100164 1.075917 -1.607399
RightHand 1348 11.233333 1.08793 1.079443 -1.616411
RightHand 1350 11.25 1.062432 1.085199 -1.633564
RightHand 1352 11.266667 1.037278 1.090416 -1.650355
RightHand 1353 11.275 1.023647 1.093536 -1.658319
RightHand 1354 11.283333 1.009722 1.096672 -1.666278
RightHand 1368 11.4 0.820211 1.127471 -1.761657
RightHand 1371 11.425 0.779444 1.132831 -1.777054
RightHand 1372 11.433333 0.765926 1.134772 -1.7827
RightHand 1373 11.441667 0.752348 1.136737 -1.786772
RightHand 1374 11.45 0.737983 1.138763 -1.791724
RightHand 1375 11.458333 0.724359 1.139951 -1.795494
RightHand 1376 11.466667 0.710506 1.141439 -1.800196
RightHand 1378 11.483333 0.682256 1.145195 -1.808402
RightHand 1380 11.5 0.655376 1.148676 -1.815469
RightHand 1381 11.508333 0.641573 1.151916 -1.817597
RightHand 1382 11.516667 0.628042 1.152166 -1.822132
RightHand 1383 11.525 0.614723 1.154463 -1.825723
RightHand 1384 11.533333 0.601226 1.156194 -1.828326
RightHand 1386 11.55 0.574331 1.159741 -1.8332
RightHand 1387 11.558333 0.560278 1.162102 -1.834853
RightHand 1389 11.575 0.534174 1.165498 -1.838891
RightHand 1390 11.583333 0.521162 1.166368 -1.841392
RightHand 1391 11.591667 0.50777 1.168292 -1.843264
RightHand 1397 11.641667 0.429858 1.182534 -1.851202
RightHand 1399 11.658333 0.401537 1.186307 -1.851379
RightHand 1400 11.666667 0.388565 1.187532 -1.851198
RightHand 1402 11.683333 0.359866 1.193165 -1.848931
RightHand 1405 11.708333 0.322656 1.198503 -1.851911
RightHand 1408 11.733333 0.282969 1.204367 -1.850404
RightHand 1412 11.766667 0.230756 1.214375 -1.845157
RightHand 1418 11.816667 0.15344 1.228926 -1.831578
RightHand 1420 11.833333 0.128361 1.233217 -1.825663
RightHand 1452 12.1 -0.197303 1.268016 -1.624438
RightHand 1455 12.125 -0.217199 1.266654 -1.600761
RightHand 1456 12.133333 -0.223397 1.265913 -1.593235
RightHand 1458 12.15 -0.235445 1.265764 -1.576896
RightHand 1462 12.183333 -0.256099 1.260597 -1.547815
RightHand 1466 12.216667 -0.273621 1.255851 -1.520057
RightHand 1467 12.225 -0.276899 1.25522 -1.512671
RightHand 1469 12.241667 -0.284198 1.252704 -1.500315
RightHand 1472 12.266667 -0.294136 1.250419 -1.483557
RightHand 1473 12.275 -0.297166 1.249998 -1.478429
RightHand 1475 12.291667 -0.304157 1.249007 -1.469229
RightHand 1479 12.325 -0.316039 1.247496 -1.452888
RightHand 1480 12.333333 -0.31898 1.246989 -1.449264
RightHand 1482 12.35 -0.324322 1.246212 -1.442566
RightHand 1483 12.358333 -0.32697 1.246132 -1.438297
RightHand 1485 12.375 -0.332172 1.245973 -1.433814
RightHand 1486 12.383333 -0.335029 1.245347 -1.431777
RightHand 1488 12.4 -0.34007 1.246056 -1.426915
RightHand 1489 12.408333 -0.343132 1.2453 -1.42547
RightHand 1490 12.416667 -0.345722 1.2451 -1.423683
RightHand 1491 12.425 -0.348059 1.244941 -1.421935
RightHand 1492 12.433333 -0.350274 1.245428 -1.418853
RightHand 1493 12.441667 -0.352551 1.245259 -1.417168
RightHand 1494 12.45 -0.354338 1.244907 -1.416348
RightHand 1495 12.458333 -0.356919 1.243765 -1.415241
RightHand 1496 12.466667 -0.359113 1.24462 -1.412331
RightHand 1497 12.475 -0.360878 1.244273 -1.411415
RightHand 1499 12.491667 -0.365257 1.242627 -1.408757
RightHand 1500 12.5 -0.366876 1.242776 -1.406834
RightHand 1501 12.508333 -0.367984 1.242004 -1.405003
RightHand 1502 12.516667 -0.370055 1.240208 -1.40434
RightHand 1503 12.525 -0.371413 1.23992 -1.402547
RightHand 1504 12.533333 -0.37314 1.238855 -1.401519
RightHand 1506 12.55 -0.374487 1.237143 -1.398159
RightHand 1507 12.558333 -0.376116 1.23529 -1.397377
RightHand 1508 12.566667 -0.377187 1.234316 -1.395963
RightHand 1509 12.575 -0.378412 1.233352 -1.394554
RightHand 1510 12.583333 -0.379053 1.231685 -1.39335
RightHand 1511 12.591667 -0.37961 1.231312 -1.391822
RightHand 1512 12.6 -0.380188 1.229707 -1.3905
RightHand 1513 12.608333 -0.381039 1.228922 -1.389832
RightHand 1514 12.616667 -0.381397 1.227232 -1.388623
RightHand 1515 12.625 -0.38174 1.226562 -1.387502
RightHand 1516 12.633333 -0.381416 1.225716 -1.385036
RightHand 1517 12.641667 -0.381761 1.22383 -1.385015
RightHand 1518 12.65 -0.382045 1.223375 -1.384822
RightHand 1519 12.658333 -0.38204 1.222068 -1.384065
RightHand 1520 12.666667 -0.381946 1.219725 -1.383955
RightHand 1521 12.675 -0.381905 1.219164 -1.38299
RightHand 1522 12.683333 -0.381019 1.219296 -1.381923
RightHand 1523 12.691667 -0.380818 1.217916 -1.381478
RightHand 1524 12.7 -0.380609 1.217402 -1.380664
RightHand 1525 12.708333 -0.380299 1.215104 -1.380742
RightHand 1526 12.716667 -0.379629 1.213929 -1.380589
RightHand 1527 12.725 -0.379486 1.213345 -1.380115
RightHand 1528 12.733333 -0.378395 1.213163 -1.379397
RightHand 1529 12.741667 -0.377521 1.212055 -1.378786
RightHand 1530 12.75 -0.37646 1.210536 -1.379115
RightHand 1531 12.758333 -0.375552 1.209101 -1.378812
RightHand 1532 12.766667 -0.374652 1.207981 -1.378618
RightHand 1533 12.775 -0.374126 1.206764 -1.378566
RightHand 1534 12.783333 -0.373336 1.204935 -1.378459
RightHand 1535 12.791667 -0.373368 1.202967 -1.378571
RightHand 1536 12.8 -0.371285 1.201057 -1.378479
RightHand 1537 12.808333 -0.370101 1.199285 -1.378433
RightHand 1538 12.816667 -0.369236 1.197949 -1.378366
RightHand 1539 12.825 -0.367658 1.195625 -1.378717
RightHand 1540 12.833333 -0.366709 1.193861 -1.378968
RightHand 1541 12.841667 -0.365341 1.192586 -1.379065
RightHand 1542 12.85 -0.36387 1.190345 -1.379661
RightHand 1543 12.858333 -0.363495 1.188219 -1.380374
RightHand 1544 12.866667 -0.361925 1.186692 -1.380818
RightHand 1545 12.875 -0.36053 1.185306 -1.381015
RightHand 1546 12.883333 -0.359491 1.182716 -1.382038
RightHand 1547 12.891667 -0.357666 1.18117 -1.382639
RightHand 1548 12.9 -0.357054 1.17867 -1.383917
RightHand 1549 12.908333 -0.355187 1.177959 -1.384534
RightHand 1550 12.916667 -0.353997 1.175525 -1.385479
RightHand 1551 12.925 -0.35199 1.173944 -1.386697
RightHand 1552 12.933333 -0.351768 1.17197 -1.388184
RightHand 1553 12.941667 -0.350412 1.170124 -1.389583
RightHand 1554 12.95 -0.348748 1.168795 -1.390771
RightHand 1555 12.958333 -0.348201 1.166762 -1.392271
RightHand 1556 12.966667 -0.346133 1.165491 -1.393931
RightHand 1557 12.975 -0.346178 1.163885 -1.395456
RightHand 1558 12.983333 -0.344199 1.162257 -1.397438
RightHand 1559 12.991667 -0.343233 1.161348 -1.398733
RightHand 1560 13.0 -0.342056 1.15994 -1.400884
RightHand 1561 13.008333 -0.341187 1.158717 -1.402592
RightHand 1562 13.016667 -0.340246 1.157243 -1.404871
RightHand 1563 13.025 -0.339087 1.156173 -1.406611
RightHand 1564 13.033333 -0.338534 1.153944 -1.409462
RightHand 1565 13.041667 -0.33793 1.153236 -1.411197
RightHand 1566 13.05 -0.337111 1.152388 -1.413691
RightHand 1567 13.058333 -0.335958 1.151361 -1.415943
RightHand 1568 13.066667 -0.336007 1.150072 -1.418427
RightHand 1569 13.075 -0.335071 1.149245 -1.420837
RightHand 1570 13.083333 -0.334826 1.148027 -1.423204
RightHand 1571 13.091667 -0.334258 1.146765 -1.425536
RightHand 1572 13.1 -0.333923 1.145452 -1.427955
RightHand 1573 13.108333 -0.333102 1.144352 -1.430788
RightHand 1574 13.116667 -0.332831 1.143112 -1.433046
RightHand 1575 13.125 -0.332484 1.141957 -1.435576
RightHand 1576 13.133333 -0.332147 1.14107 -1.438405
RightHand 1577 13.141667 -0.332337 1.14041 -1.440654
RightHand 1578 13.15 -0.332587 1.139763 -1.443522
RightHand 1579 13.158333 -0.332675 1.139053 -1.445893
RightHand 1580 13.166667 -0.332253 1.138588 -1.449289
RightHand 1581 13.175 -0.33322 1.138161 -1.45114
RightHand 1582 13.183333 -0.333738 1.137381 -1.453979
RightHand 1583 13.191667 -0.334354 1.136665 -1.456419
RightHand 1584 13.2 -0.334642 1.136349 -1.459179
RightHand 1585 13.208333 -0.335912 1.135297 -1.462269
RightHand 1586 13.216667 -0.336219 1.134623 -1.465004
RightHand 1587 13.225 -0.337977 1.13464 -1.466659
RightHand 1588 13.233333 -0.339044 1.133459 -1.46957
RightHand 1589 13.241667 -0.340447 1.133143 -1.471597
RightHand 1590 13.25 -0.341685 1.132474 -1.473666
RightHand 1591 13.258333 -0.34267 1.13123 -1.476425
RightHand 1592 13.266667 -0.343634 1.129959 -1.479444
RightHand 1593 13.275 -0.345245 1.129377 -1.481678
RightHand 1594 13.283333 -0.346366 1.128546 -1.483941
RightHand 1595 13.291667 -0.34748 1.127969 -1.486743
RightHand 1596 13.3 -0.348725 1.126766 -1.489179
RightHand 1597 13.308333 -0.349682 1.125586 -1.491673
RightHand 1598 13.316667 -0.350382 1.125647 -1.493677
RightHand 1599 13.325 -0.351581 1.124751 -1.496087
RightHand 1600 13.333333 -0.353104 1.12313 -1.498663
RightHand 1601 13.341667 -0.353745 1.122767 -1.501037
RightHand 1602 13.35 -0.354591 1.121856 -1.503172
RightHand 1603 13.358333 -0.356179 1.11986 -1.506835
RightHand 1604 13.366667 -0.357255 1.119634 -1.509091
RightHand 1606 13.383333 -0.35967 1.118011 -1.514872
RightHand 1607 13.391667 -0.360164 1.11812 -1.517002
RightHand 1611 13.425 -0.364188 1.113771 -1.526788
RightHand 1613 13.441667 -0.365847 1.111962 -1.531152
RightHand 1620 13.5 -0.369851 1.10483 -1.54374
RightHand 1621 13.508333 -0.370241 1.104038 -1.545078
RightHand 1622 13.516667 -0.370629 1.103293 -1.546312
RightHand 1623 13.525 -0.370814 1.102736 -1.547152
RightHand 1624 13.533333 -0.371429 1.102113 -1.548371
RightHand 1625 13.541667 -0.372102 1.101896 -1.549672
RightHand 1626 13.55 -0.372718 1.101197 -1.550788
RightHand 1627 13.558333 -0.373319 1.100502 -1.55153
RightHand 1628 13.566667 -0.374063 1.09953 -1.552577
RightHand 1629 13.575 -0.376389 1.098432 -1.553693
RightHand 1630 13.583333 -0.37624 1.098993 -1.553787
RightHand 1631 13.591667 -0.377912 1.097701 -1.555442
RightHand 1632 13.6 -0.378159 1.0987 -1.554597
RightHand 1633 13.608333 -0.37905 1.098095 -1.554709
RightHand 1634 13.616667 -0.379492 1.097903 -1.553595
RightHand 1635 13.625 -0.380174 1.097653 -1.553652
RightHand 1636 13.633333 -0.380779 1.097164 -1.552352
RightHand 1637 13.641667 -0.381313 1.096936 -1.550731
RightHand 1638 13.65 -0.383171 1.096265 -1.550897
RightHand 1639 13.658333 -0.384696 1.09598 -1.549859
RightHand 1640 13.666667 -0.385777 1.095983 -1.548558
RightHand 1641 13.675 -0.387042 1.095595 -1.547601
RightHand 1642 13.683333 -0.387483 1.095762 -1.54554
RightHand 1643 13.691667 -0.388891 1.095706 -1.544429
RightHand 1644 13.7 -0.390588 1.095384 -1.543039
RightHand 1645 13.708333 -0.392279 1.095233 -1.542592
RightHand 1646 13.716667 -0.394541 1.095987 -1.540102
RightHand 1647 13.725 -0.395305 1.096479 -1.536795
RightHand 1648 13.733333 -0.397965 1.095907 -1.536469
RightHand 1649 13.741667 -0.398817 1.096311 -1.534164
RightHand 1650 13.75 -0.401389 1.09651 -1.532303
RightHand 1651 13.758333 -0.404025 1.096471 -1.530703
RightHand 1652 13.766667 -0.405842 1.09799 -1.527904
RightHand 1653 13.775 -0.408333 1.098319 -1.526192
RightHand 1654 13.783333 -0.410577 1.09976 -1.523351
RightHand 1655 13.791667 -0.411156 1.099261 -1.521864
RightHand 1656 13.8 -0.413814 1.101367 -1.518734
RightHand 1657 13.808333 -0.415084 1.101377 -1.518063
RightHand 1658 13.816667 -0.417093 1.102194 -1.515861
RightHand 1659 13.825 -0.419293 1.103592 -1.513684
RightHand 1660 13.833333 -0.42189 1.104395 -1.511063
RightHand 1661 13.841667 -0.423878 1.104395 -1.509966
RightHand 1662 13.85 -0.42516 1.103787 -1.508681
RightHand 1663 13.858333 -0.427965 1.105057 -1.506749
RightHand 1664 13.866667 -0.429345 1.105184 -1.5059
RightHand 1666 13.883333 -0.436599 1.105711 -1.506192
RightHand 1667 13.891667 -0.436646 1.104286 -1.504771
RightHand 1669 13.908333 -0.445674 1.10647 -1.506522
RightHand 1671 13.925 -0.454035 1.108488 -1.504372
RightHand 1672 13.933333 -0.459347 1.109579 -1.504932
RightHand 1676 13.966667 -0.485469 1.114357 -1.504538
RightHand 1678 13.983333 -0.508694 1.119461 -1.506601
RightHand 1682 14.016667 -0.579598 1.140833 -1.513996
RightHand 1693 14.108333 -0.918891 1.223697 -1.52115
RightHand 1694 14.116667 -0.954338 1.224807 -1.52043
RightHand 1695 14.125 -0.987185 1.224173 -1.521223
RightHand 1696 14.133333 -1.016061 1.221246 -1.524437
RightHand 1697 14.141667 -1.04021 1.216188 -1.530079
RightHand 1698 14.15 -1.057429 1.211826 -1.53705
RightHand 1699 14.158333 -1.068536 1.209409 -1.54513
RightHand 1700 14.166667 -1.072977 1.208897 -1.552193
RightHand 1701 14.175 -1.072402 1.210301 -1.555958
RightHand 1702 14.183333 -1.068825 1.212483 -1.555829
RightHand 1703 14.191667 -1.061864 1.215307 -1.553004
RightHand 1704 14.2 -1.052646 1.216082 -1.549431
RightHand 1705 14.208333 -1.039226 1.216704 -1.546618
RightHand 1706 14.216667 -1.022759 1.215427 -1.545491
RightHand 1707 14.225 -1.004637 1.214123 -1.546509
RightHand 1708 14.233333 -0.984531 1.210381 -1.54864
RightHand 1709 14.241667 -0.964971 1.204854 -1.550564
RightHand 1710 14.25 -0.944896 1.19845 -1.55258
RightHand 1711 14.258333 -0.926165 1.191374 -1.554571
RightHand 1712 14.266667 -0.909645 1.18459 -1.55661
RightHand 1713 14.275 -0.894495 1.178688 -1.558175
RightHand 1714 14.283333 -0.883194 1.173818 -1.559578
RightHand 1715 14.291667 -0.87703 1.167744 -1.561257
RightHand 1716 14.3 -0.875101 1.16483 -1.564275
RightHand 1717 14.308333 -0.87932 1.164082 -1.568329
RightHand 1718 14.316667 -0.888739 1.166378 -1.573323
RightHand 1719 14.325 -0.902725 1.172131 -1.578477
RightHand 1720 14.333333 -0.923232 1.181459 -1.584725
RightHand 1721 14.341667 -0.945609 1.193383 -1.590477
RightHand 1722 14.35 -0.9716 1.206258 -1.596254
RightHand 1723 14.358333 -0.999889 1.220152 -1.600447
RightHand 1724 14.366667 -1.028693 1.232008 -1.602098
RightHand 1725 14.375 -1.059898 1.242534 -1.602466
RightHand 1726 14.383333 -1.091992 1.251065 -1.601898
RightHand 1727 14.391667 -1.123323 1.25802 -1.601765
RightHand 1728 14.4 -1.155009 1.262888 -1.601966
RightHand 1730 14.416667 -1.211653 1.26794 -1.606689
RightHand 1731 14.425 -1.234312 1.267961 -1.613236
RightHand 1732 14.433333 -1.249066 1.266654 -1.621408
RightHand 1733 14.441667 -1.255802 1.26537 -1.630365
RightHand 1734 14.45 -1.256868 1.266781 -1.635829
RightHand 1735 14.458333 -1.253175 1.268388 -1.638131
RightHand 1736 14.466667 -1.247904 1.270715 -1.634325
RightHand 1737 14.475 -1.241878 1.273293 -1.624275
RightHand 1738 14.483333 -1.231608 1.273986 -1.613817
RightHand 1739 14.491667 -1.21681 1.2712 -1.603077
RightHand 1740 14.5 -1.196431 1.266968 -1.596586
RightHand 1741 14.508333 -1.173752 1.262018 -1.592676
RightHand 1742 14.516667 -1.151035 1.256725 -1.58905
RightHand 1743 14.525 -1.126621 1.251047 -1.587669
RightHand 1744 14.533333 -1.102161 1.24451 -1.587619
RightHand 1745 14.541667 -1.078294 1.237795 -1.586772
RightHand 1746 14.55 -1.056204 1.230808 -1.585976
RightHand 1747 14.558333 -1.037224 1.224463 -1.585505
RightHand 1748 14.566667 -1.02267 1.218136 -1.587156
RightHand 1749 14.575 -1.012566 1.21351 -1.588978
RightHand 1750 14.583333 -1.007735 1.210921 -1.59059
RightHand 1751 14.591667 -1.009157 1.209372 -1.594572
RightHand 1752 14.6 -1.015242 1.210291 -1.5973
RightHand 1753 14.608333 -1.026681 1.216089 -1.600731
RightHand 1754 14.616667 -1.042217 1.222419 -1.604214
RightHand 1755 14.625 -1.060991 1.231333 -1.608385
RightHand 1756 14.633333 -1.081751 1.23999 -1.610919
RightHand 1757 14.641667 -1.104858 1.249086 -1.613232
RightHand 1758 14.65 -1.128266 1.257715 -1.614822
RightHand 1759 14.658333 -1.1542 1.264395 -1.615811
RightHand 1760 14.666667 -1.180211 1.27045 -1.617504
RightHand 1761 14.675 -1.205774 1.275584 -1.620155
RightHand 1762 14.683333 -1.230406 1.278786 -1.623852
RightHand 1763 14.691667 -1.253471 1.280369 -1.628628
RightHand 1764 14.7 -1.272992 1.279778 -1.635422
RightHand 1765 14.708333 -1.287403 1.277508 -1.644209
RightHand 1766 14.716667 -1.29437 1.273469 -1.655494
RightHand 1767 14.725 -1.296472 1.268553 -1.665783
RightHand 1768 14.733333 -1.292584 1.265853 -1.674704
RightHand 1769 14.741667 -1.286717 1.26544 -1.680679
RightHand 1770 14.75 -1.280813 1.266101 -1.68289
RightHand 1771 14.758333 -1.273771 1.267875 -1.680016
RightHand 1772 14.766667 -1.268421 1.26898 -1.673707
RightHand 1773 14.775 -1.259292 1.269813 -1.665897
RightHand 1774 14.783333 -1.248974 1.267635 -1.657321
RightHand 1775 14.791667 -1.231622 1.264235 -1.650696
RightHand 1776 14.8 -1.211227 1.258955 -1.646132
RightHand 1777 14.808333 -1.189095 1.255111 -1.643672
RightHand 1778 14.816667 -1.165194 1.249236 -1.641326
RightHand 1779 14.825 -1.140293 1.243101 -1.639492
RightHand 1780 14.833333 -1.114263 1.235867 -1.63785
RightHand 1782 14.85 -1.060017 1.220048 -1.634417
RightHand 1784 14.866667 -1.007341 1.204136 -1.633529
RightHand 1785 14.875 -0.982244 1.196681 -1.634279
RightHand 1786 14.883333 -0.958222 1.189782 -1.63467
RightHand 1787 14.891667 -0.935652 1.183525 -1.634967
RightHand 1788 14.9 -0.914149 1.178006 -1.634549
RightHand 1789 14.908333 -0.897059 1.170733 -1.634673
RightHand 1790 14.916667 -0.88074 1.167049 -1.635797
RightHand 1791 14.925 -0.867886 1.162999 -1.637219
RightHand 1792 14.933333 -0.85841 1.159151 -1.639556
RightHand 1793 14.941667 -0.85268 1.155003 -1.643495
RightHand 1794 14.95 -0.85066 1.15044 -1.64968
RightHand 1795 14.958333 -0.850841 1.144701 -1.65651
RightHand 1796 14.966667 -0.853301 1.138614 -1.662973
RightHand 1797 14.975 -0.856393 1.133003 -1.669987
RightHand 1801 15.008333 -0.870398 1.116943 -1.684053
RightHand 1803 15.025 -0.876656 1.114137 -1.682058
RightHand 1804 15.033333 -0.8791 1.114065 -1.679807
RightHand 1805 15.041667 -0.881047 1.114763 -1.677022
RightHand 1806 15.05 -0.882521 1.115531 -1.674658
RightHand 1807 15.058333 -0.884691 1.116931 -1.672475
RightHand 1808 15.066667 -0.886478 1.118798 -1.67005
RightHand 1809 15.075 -0.887783 1.121363 -1.668195
RightHand 1810 15.083333 -0.889002 1.12224 -1.66688
RightHand 1811 15.091667 -0.890502 1.123167 -1.666855
RightHand 1812 15.1 -0.891135 1.124962 -1.665714
RightHand 1813 15.108333 -0.892528 1.125237 -1.665496
RightHand 1814 15.116667 -0.894293 1.125889 -1.666755
RightHand 1815 15.125 -0.895837 1.12584 -1.667291
RightHand 1816 15.133333 -0.896266 1.125231 -1.667704
RightHand 1817 15.141667 -0.897281 1.123664 -1.667599
RightHand 1818 15.15 -0.897046 1.124267 -1.668267
RightHand 1819 15.158333 -0.897968 1.123068 -1.669798
RightHand 1820 15.166667 -0.897977 1.123397 -1.669533
RightHand 1822 15.183333 -0.900101 1.120906 -1.671264
RightHand 1823 15.191667 -0.900476 1.119575 -1.671085
RightHand 1824 15.2 -0.899911 1.118842 -1.671465
RightHand 1825 15.208333 -0.900234 1.117842 -1.671527
RightHand 1826 15.216667 -0.900931 1.116179 -1.673089
RightHand 1827 15.225 -0.901122 1.114812 -1.673068
RightHand 1828 15.233333 -0.901165 1.113519 -1.672993
RightHand 1829 15.241667 -0.901316 1.112196 -1.674029
RightHand 1830 15.25 -0.901925 1.110292 -1.674247
RightHand 1831 15.258333 -0.902263 1.108589 -1.67512
RightHand 1832 15.266667 -0.90244 1.107176 -1.676082
RightHand 1833 15.275 -0.903271 1.1054 -1.676646
RightHand 1834 15.283333 -0.904006 1.104041 -1.677669
RightHand 1835 15.291667 -0.904625 1.102507 -1.678854
RightHand 1836 15.3 -0.905248 1.101306 -1.679984
RightHand 1837 15.308333 -0.905531 1.099943 -1.681583
RightHand 1838 15.316667 -0.907493 1.099239 -1.682749
RightHand 1840 15.333333 -0.90973 1.097498 -1.685937
RightHand 1841 15.341667 -0.910706 1.096959 -1.688465
RightHand 1842 15.35 -0.911876 1.096186 -1.690308
RightHand 1843 15.358333 -0.913067 1.095898 -1.691811
RightHand 1845 15.375 -0.916676 1.094919 -1.695682
RightHand 1846 15.383333 -0.918675 1.0945 -1.697676
RightHand 1847 15.391667 -0.921008 1.094413 -1.699833
RightHand 1848 15.4 -0.923031 1.094536 -1.701955
RightHand 1849 15.408333 -0.925611 1.094662 -1.70423
RightHand 1850 15.416667 -0.927617 1.095602 -1.706506
RightHand 1851 15.425 -0.930974 1.095301 -1.708486
RightHand 1852 15.433333 -0.933626 1.095902 -1.710577
RightHand 1853 15.441667 -0.937037 1.095825 -1.712731
RightHand 1854 15.45 -0.940613 1.09692 -1.715033
RightHand 1855 15.458333 -0.943964 1.097147 -1.717107
RightHand 1856 15.466667 -0.94791 1.098554 -1.719205
RightHand 1857 15.475 -0.952026 1.098841 -1.720993
RightHand 1858 15.483333 -0.955814 1.100432 -1.723756
RightHand 1859 15.491667 -0.959515 1.101524 -1.724545
RightHand 1860 15.5 -0.964915 1.102345 -1.726342
RightHand 1861 15.508333 -0.969497 1.103752 -1.728487
RightHand 1862 15.516667 -0.974059 1.105317 -1.730551
RightHand 1863 15.525 -0.978723 1.107165 -1.732486
RightHand 1864 15.533333 -0.983637 1.109927 -1.733399
RightHand 1865 15.541667 -0.988321 1.111742 -1.735287
RightHand 1866 15.55 -0.992177 1.114791 -1.736356
RightHand 1867 15.558333 -0.997491 1.117479 -1.737877
RightHand 1868 15.566667 -1.00201 1.120402 -1.739455
RightHand 1869 15.575 -1.006777 1.123763 -1.740714
RightHand 1870 15.583333 -1.011444 1.126878 -1.741834
RightHand 1871 15.591667 -1.016454 1.130412 -1.743287
RightHand 1872 15.6 -1.021088 1.133822 -1.744511
RightHand 1873 15.608333 -1.02526 1.137214 -1.745128
RightHand 1874 15.616667 -1.030305 1.141318 -1.746518
RightHand 1875 15.625 -1.035034 1.145028 -1.747612
RightHand 1876 15.633333 -1.039613 1.149138 -1.747925
RightHand 1883 15.691667 -1.069809 1.179069 -1.750413
RightHand 1885 15.708333 -1.078307 1.185864 -1.752392
RightHand 1886 15.716667 -1.082291 1.189693 -1.752632
RightHand 1888 15.733333 -1.08993 1.196474 -1.752913
RightHand 1890 15.75 -1.09718 1.203694 -1.752457
RightHand 1891 15.758333 -1.100757 1.207096 -1.751985
RightHand 1892 15.766667 -1.104278 1.210173 -1.751384
RightHand 1893 15.775 -1.107738 1.213755 -1.750495
RightHand 1894 15.783333 -1.111053 1.21648 -1.749802
RightHand 1895 15.791667 -1.11492 1.219339 -1.748198
RightHand 1896 15.8 -1.117745 1.221628 -1.747475
RightHand 1897 15.808333 -1.121018 1.222888 -1.746515
RightHand 1898 15.816667 -1.124546 1.224838 -1.746071
RightHand 1899 15.825 -1.127632 1.226814 -1.745111
RightHand 1900 15.833333 -1.130976 1.228422 -1.744021
RightHand 1901 15.841667 -1.133819 1.229369 -1.742977
RightHand 1902 15.85 -1.136836 1.230742 -1.742279
RightHand 1903 15.858333 -1.139656 1.232647 -1.741003
RightHand 1904 15.866667 -1.142267 1.234204 -1.740258
RightHand 1905 15.875 -1.145812 1.234478 -1.739579
RightHand 1906 15.883333 -1.148748 1.235345 -1.738505
RightHand 1907 15.891667 -1.151797 1.235826 -1.737606
RightHand 1908 15.9 -1.154945 1.236281 -1.736569
RightHand 1909 15.908333 -1.158223 1.236439 -1.735582
RightHand 1910 15.916667 -1.161436 1.236422 -1.734233
RightHand 1911 15.925 -1.164453 1.236468 -1.733245
RightHand 1912 15.933333 -1.1678 1.23616 -1.731751
RightHand 1913 15.941667 -1.170051 1.235637 -1.730948
RightHand 1914 15.95 -1.173618 1.235597 -1.72959
RightHand 1915 15.958333 -1.175952 1.235267 -1.728192
RightHand 1916 15.966667 -1.178951 1.234872 -1.726772
RightHand 1917 15.975 -1.181686 1.234515 -1.725265
RightHand 1918 15.983333 -1.184076 1.233917 -1.723959
RightHand 1919 15.991667 -1.187011 1.233203 -1.722127
RightHand 1920 16.0 -1.189176 1.232156 -1.720629
RightHand 1921 16.008333 -1.192212 1.231157 -1.719156
RightHand 1922 16.016666 -1.194722 1.229972 -1.717506
RightHand 1923 16.025 -1.197702 1.22873 -1.71668
RightHand 1924 16.033333 -1.200944 1.227618 -1.714473
RightHand 1925 16.041668 -1.203332 1.226154 -1.712691
RightHand 1926 16.05 -1.205549 1.224573 -1.711094
RightHand 1927 16.058332 -1.208949 1.224663 -1.709475
RightHand 1928 16.066668 -1.210523 1.221829 -1.707637
RightHand 1929 16.075 -1.213863 1.220874 -1.706367
RightHand 1930 16.083332 -1.215858 1.218279 -1.703874
RightHand 1931 16.091667 -1.218388 1.216258 -1.703056
RightHand 1932 16.1 -1.220807 1.215414 -1.702068
RightHand 1933 16.108334 -1.223434 1.212103 -1.699692
RightHand 1934 16.116667 -1.225785 1.209569 -1.699863
RightHand 1935 16.125 -1.227551 1.206576 -1.698635
RightHand 1936 16.133333 -1.229717 1.204317 -1.697203
RightHand 1937 16.141666 -1.23374 1.203293 -1.695647
RightHand 1938 16.15 -1.235481 1.199695 -1.695305
RightHand 1939 16.158333 -1.23832 1.196884 -1.694435
RightHand 1940 16.166668 -1.241214 1.195653 -1.692936
RightHand 1941 16.175 -1.243565 1.193603 -1.691118
RightHand 1942 16.183332 -1.24646 1.190262 -1.692289
RightHand 1943 16.191668 -1.248534 1.187471 -1.691195
RightHand 1944 16.2 -1.252199 1.185676 -1.690655
RightHand 1945 16.208332 -1.254352 1.184004 -1.689745
RightHand 1946 16.216667 -1.257192 1.181585 -1.688777
RightHand 1947 16.225 -1.260444 1.179704 -1.688185
RightHand 1948 16.233334 -1.263999 1.177371 -1.687857
RightHand 1949 16.241667 -1.267078 1.176013 -1.686502
RightHand 1950 16.25 -1.270465 1.173716 -1.685896
RightHand 1951 16.258333 -1.273877 1.173255 -1.683352
RightHand 1952 16.266666 -1.277442 1.170696 -1.683647
RightHand 1953 16.275 -1.280581 1.169577 -1.681601
RightHand 1954 16.283333 -1.284522 1.168023 -1.679499
RightHand 1955 16.291668 -1.288007 1.167508 -1.677756
RightHand 1956 16.3 -1.291019 1.167922 -1.67638
RightHand 1957 16.308332 -1.294447 1.167961 -1.675302
RightHand 1958 16.316668 -1.297699 1.168139 -1.673534
RightHand 1959 16.325 -1.300939 1.168474 -1.671721
RightHand 1960 16.333332 -1.304157 1.169645 -1.670125
RightHand 1961 16.341667 -1.307429 1.170549 -1.668396
RightHand 1962 16.35 -1.310645 1.171563 -1.667182
RightHand 1963 16.358334 -1.313707 1.172728 -1.667584
RightHand 1964 16.366667 -1.316972 1.173989 -1.666073
RightHand 1965 16.375 -1.320243 1.175225 -1.664654
RightHand 1966 16.383333 -1.323689 1.176052 -1.663614
RightHand 1967 16.391666 -1.326899 1.176945 -1.662799
RightHand 1968 16.4 -1.330494 1.177777 -1.662314
RightHand 1969 16.408333 -1.333674 1.178833 -1.661498
RightHand 1970 16.416668 -1.336858 1.179513 -1.661221
RightHand 1971 16.425 -1.340045 1.18036 -1.660943
RightHand 1972 16.433332 -1.343312 1.18065 -1.661057
RightHand 1973 16.441668 -1.346517 1.181879 -1.660688
RightHand 1974 16.45 -1.349693 1.182628 -1.660689
RightHand 1975 16.458332 -1.35337 1.183511 -1.661206
RightHand 1976 16.466667 -1.356401 1.184 -1.661163
RightHand 1977 16.475 -1.359234 1.185188 -1.660488
RightHand 1978 16.483334 -1.362671 1.18529 -1.661037
RightHand 1979 16.491667 -1.365712 1.185911 -1.661508
RightHand 1980 16.5 -1.369217 1.185983 -1.661697
RightHand 1981 16.508333 -1.371802 1.186552 -1.660737
RightHand 1982 16.516666 -1.374929 1.18693 -1.660757
RightHand 1983 16.525 -1.378171 1.187245 -1.660873
RightHand 1984 16.533333 -1.380953 1.187817 -1.660369
RightHand 1985 16.541668 -1.384073 1.187929 -1.660165
RightHand 1986 16.55 -1.387132 1.187948 -1.659803
RightHand 1987 16.558332 -1.390541 1.187835 -1.659641
RightHand 1988 16.566668 -1.393265 1.187849 -1.659292
RightHand 1989 16.575 -1.396657 1.18816 -1.658583
RightHand 1990 16.583332 -1.400079 1.187528 -1.658327
RightHand 1991 16.591667 -1.403538 1.187205 -1.658029
RightHand 1992 16.6 -1.406853 1.186133 -1.658232
RightHand 1993 16.608334 -1.410879 1.185377 -1.658184
RightHand 1994 16.616667 -1.414149 1.184799 -1.657767
RightHand 1995 16.625 -1.417753 1.183955 -1.657655
RightHand 1996 16.633333 -1.421485 1.182936 -1.658305
RightHand 1997 16.641666 -1.425115 1.180109 -1.658448
RightHand 1998 16.65 -1.429396 1.180582 -1.657852
RightHand 1999 16.658333 -1.433353 1.179064 -1.6581
RightHand 2000 16.666668 -1.437219 1.176935 -1.658664
RightHand 2001 16.675 -1.440818 1.176119 -1.658327
RightHand 2002 16.683332 -1.444784 1.173946 -1.658605
RightHand 2003 16.691668 -1.448573 1.173662 -1.657904
RightHand 2004 16.7 -1.452678 1.171875 -1.657652
RightHand 2005 16.708332 -1.456474 1.169302 -1.658209
RightHand 2006 16.716667 -1.460067 1.168136 -1.657977
RightHand 2007 16.725 -1.46423 1.166487 -1.65789
RightHand 2008 16.733334 -1.467858 1.164611 -1.657268
RightHand 2009 16.741667 -1.471976 1.162892 -1.657449
RightHand 2010 16.75 -1.475798 1.161214 -1.656448
RightHand 2011 16.758333 -1.479907 1.159136 -1.657197
RightHand 2012 16.766666 -1.483654 1.157242 -1.657111
RightHand 2013 16.775 -1.487298 1.155219 -1.656788
RightHand 2014 16.783333 -1.490877 1.153733 -1.656281
RightHand 2015 16.791668 -1.494259 1.152125 -1.655788
RightHand 2016 16.8 -1.498103 1.150285 -1.655693
RightHand 2017 16.808332 -1.50187 1.148028 -1.656312
RightHand 2018 16.816668 -1.504664 1.146068 -1.655658
RightHand 2019 16.825 -1.508853 1.144765 -1.65515
RightHand 2020 16.833332 -1.511998 1.143318 -1.654012
RightHand 2021 16.841667 -1.51537 1.140879 -1.654578
RightHand 2022 16.85 -1.518559 1.138616 -1.653851
RightHand 2023 16.858334 -1.521846 1.136638 -1.654374
RightHand 2024 16.866667 -1.524796 1.134659 -1.654448
RightHand 2025 16.875 -1.528502 1.132152 -1.654361
RightHand 2026 16.883333 -1.531154 1.130286 -1.654998
RightHand 2027 16.891666 -1.533721 1.127714 -1.654874
RightHand 2028 16.9 -1.537804 1.126321 -1.655138
RightHand 2029 16.908333 -1.540884 1.124588 -1.654498
RightHand 2030 16.916668 -1.543519 1.122965 -1.654096
RightHand 2031 16.925 -1.547051 1.12127 -1.654034
RightHand 2032 16.933332 -1.549316 1.1191 -1.654538
RightHand 2034 16.95 -1.554857 1.115722 -1.655496
RightHand 2035 16.958332 -1.557598 1.114328 -1.654874
RightHand 2036 16.966667 -1.560412 1.112483 -1.656581
RightHand 2037 16.975 -1.563271 1.111111 -1.656319
RightHand 2038 16.983334 -1.566237 1.109627 -1.65687
RightHand 2041 17.008333 -1.575371 1.106236 -1.656488
RightHand 2042 17.016666 -1.577583 1.105337 -1.658267
RightHand 2043 17.025 -1.581357 1.104224 -1.657127
RightHand 2044 17.033333 -1.584099 1.103463 -1.657549
RightHand 2045 17.041668 -1.587006 1.102761 -1.660261
RightHand 2046 17.05 -1.590644 1.101743 -1.660011
RightHand 2047 17.058332 -1.593708 1.100989 -1.660742
RightHand 2048 17.066668 -1.596797 1.099983 -1.663337
RightHand 2051 17.091667 -1.608284 1.097654 -1.662658
RightHand 2052 17.1 -1.612464 1.096492 -1.663233
RightHand 2053 17.108334 -1.615645 1.096041 -1.665603
RightHand 2054 17.116667 -1.620491 1.094865 -1.66464
RightHand 2055 17.125 -1.623926 1.094321 -1.666792
RightHand 2056 17.133333 -1.628998 1.093226 -1.66572
RightHand 2057 17.141666 -1.633261 1.092949 -1.665948
RightHand 2058 17.15 -1.638126 1.091705 -1.666189
RightHand 2059 17.158333 -1.641886 1.091359 -1.668574
RightHand 2060 17.166668 -1.647413 1.090291 -1.667637
RightHand 2061 17.175 -1.652411 1.089668 -1.668036
RightHand 2062 17.183332 -1.657449 1.088746 -1.668767
RightHand 2063 17.191668 -1.662502 1.088226 -1.669048
